51  1965299
508  1971237
878  1970403
2496  1965685
3002  1970946
3902  1965244
7307  1965228
8711  1965415
9655  1965358
12141  1965359
12428  1969956
14374  1965857
18833  1966435
19605  1966375
19969  1966298
22372  1966353
24631  1966458
31481  1966434
32412  1968182
32413  1967981
32848  1967879
33239  1967886
33240  1968042
33288  1968043
34768  1967750
34769  1968167
34877  1968079
34878  1967899
34879  1967900
34880  1967807
34881  1968250
34882  1968240
34916  1967965
35911  1967778
35961  1967771
37284  1968184
37296  1968186
37297  1969861
37298  1970025
37299  1969860
37300  1969910
37301  1969687
37304  1969935
37310  1969820
37311  1969862
37313  1966299
37326  1971215
37327  1969167
37472  1969487
40164  1969188
40608  1969329
40777  1969346
40811  1969351
40812  1969352
42534  1969531
42611  1969610
42612  1970112
42613  1969971
42614  1969886
42615  1969980
42647  1969981
42648  1969887
42649  1969150
42650  1969888
42651  1969885
42652  1969982
42653  1969968
42654  1971117
42655  1970280
42656  1968394
42675  1970097
42676  1970055
42677  1970098
42678  1970099
42679  1970108
42680  1970094
42681  1970114
42682  1970104
42683  1970105
42684  1968432
42685  1970088
42686  1970109
42688  1970107
42696  1970111
42713  1970118
42716  1969330
42786  1970122
42787  1969345
42788  1970136
43711  1970117
43723  1969366
43724  1970131
43725  1970138
43726  1969354
43727  1969561
43728  1970198
43808  1970278
44251  1970134
44264  1965378
44354  1965965
44359  1965363
44360  1965362
44493  1965406
44494  1970906
44664  1970894
44890  1970768
45482  1970767
45671  1970766
45672  1970764
45724  1970814
46467  1970813
46642  1970815
46793  1970816
46794  1970343
46795  1970812
46796  1965858
46797  1970901
46798  1970902
47100  1971235
47188  1966518
47404  1966017
48222  1969845
48266  1969837
48268  1970012
48269  1970183
48368  1969972
48403  1965654
48404  1970024
48475  1969864
48510  1966685
48511  1968947
48512  1968902
48534  1969435
48600  1968946
48607  1970769
48695  1969512
48696  1969017
48817  1969015
48866  1969016
48867  1969029
48999  1969013
49001  1969940
49002  1970680
49003  1970841
49004  1969795
49005  1969953
49157  1969939
49275  1970016
49570  1970015
50093  1970019
50097  1971230
50107  1971232
50130  1971231
51404  1971233
52399  1971236
52809  1969961
52920  1970828
52966  1971261
53141  1970215
53148  1969955
53149  1969317
53150  1969337
53173  1969338
53175  1969616
53176  1966651
53203  1966635
53204  1966509
53205  1966657
53304  1966816
53497  1966648
53544  1966760
53618  1966757
53786  1966684
54022  1971059
54071  1971060
54072  1966644
54073  1966642
54147  1966603
56181  1966661
56689  1970168
59996  1966436
61184  1966376
61587  1970144
62913  1970067
63215  1970065
63245  1970101
63246  1970320
63321  1966696
63512  1966814
63642  1970886
63647  1969847
63655  1969843
63656  1970149
63657  1970143
63673  1969846
64145  1970299
65722  1970880
65752  1970302
67454  1970146
67455  1970147
68091  1970148
68092  1970303
68097  1970286
68694  1970682
68741  1970685
68813  1970304
69359  1970300
69403  1970285
69530  1970869
69539  1970309
69540  1970245
69544  1970509
69545  1970861
69547  1970502
69548  1970547
69951  1970534
70870  1970537
71643  1970538
73434  1970539
73435  1970543
73436  1970475
73437  1970473
73438  1970474
73439  1970492
73442  1970489
73443  1970491
73444  1970530
73446  1970533
73447  1970549
73448  1970542
73449  1970541
73450  1970520
73457  1970521
73458  1970522
73459  1970519
73790  1970283
74712  1970284
74790  1970501
74832  1970550
75058  1970151
76031  1970242
76147  1970305
76386  1970316
76387  1970312
76388  1969381
77275  1969499
77284  1969383
78035  1970413
78143  1970584
78182  1970585
78554  1970513
78872  1970574
78905  1970582
78946  1965392
78975  1970437
78976  1970150
79016  1970436
79715  1970421
80166  1970457
80497  1970455
80977  1970430
80980  1970432
80990  1970434
80995  1970488
81054  1970860
82418  1970493
82433  1970442
82437  1970440
82476  1970441
85053  1970467
85056  1969954
88141  1970315
88142  1966744
88143  1970438
88144  1970443
88250  1970445
88864  1966742
88873  1966737
90188  1970420
90939  1966662
91647  1966655
91657  1966736
93243  1967317
93244  1970400
93249  1970446
93256  1970452
93257  1970454
93259  1970463
93412  1970153
93426  1970464
93453  1970152
93524  1970154
93551  1970468
94099  1970469
94301  1970466
94312  1970465
94313  1970398
94335  1967087
94457  1970396
94479  1970397
94492  1970385
94606  1970386
94818  1967162
95144  1968528
95169  1970840
95242  1968270
95351  1970514
95352  1970606
95358  1970608
95365  1970041
99616  1970115
99880  1970087
99954  1968256
99963  1968456
99967  1968257
100148  1968259
100149  1968283
100150  1970580
100152  1968442
100155  1968400
100156  1970569
100158  1970589
100159  1970621
100161  1970622
100163  1970623
100164  1970619
100165  1970620
100168  1970141
100170  1970614
100171  1970613
100172  1970616
100173  1970625
100182  1970627
100183  1970332
100647  1970628
100790  1970851
100805  1970601
100928  1970618
100929  1970687
100951  1970688
100963  1970703
101295  1970704
101468  1970696
101898  1970695
101905  1970877
101907  1970878
101908  1970709
101909  1970879
101917  1970711
101948  1970714
102298  1969848
102299  1970617
102301  1968285
102302  1970612
102320  1968261
102322  1970718
102323  1970414
102326  1970717
102446  1970712
102455  1970415
102936  1968271
103466  1970351
103471  1970345
104221  1970352
104222  1970340
104224  1970353
104225  1968486
104229  1970288
104236  1970287
104255  1970706
104259  1970289
104279  1970697
104297  1970689
104397  1970700
104414  1970690
104418  1970693
104419  1970698
104472  1970699
104478  1970702
104479  1970694
104480  1970716
104481  1970710
104517  1970707
104530  1968533
104535  1967201
104536  1970713
104537  1969852
104650  1970342
104764  1968439
105739  1970321
105746  1966523
105748  1968386
105986  1965522
105989  1968811
106365  1968759
106700  1968760
107187  1968656
107542  1969390
107650  1970494
107661  1968765
107674  1968783
107705  1970864
107709  1970524
107710  1969406
107711  1970092
107712  1970056
107713  1970090
107714  1968457
107715  1969430
107716  1969501
107717  1968264
107721  1970893
107722  1968936
107977  1968956
107979  1968459
107988  1969991
108000  1970825
108001  1970830
108007  1970917
108008  1970911
108129  1970290
108130  1971025
109069  1970918
109078  1970919
109081  1970923
109110  1970948
109181  1970951
109183  1970292
109184  1970966
109203  1970598
109221  1970599
109355  1970724
109356  1970949
109370  1970954
109375  1970940
109376  1970938
112256  1971097
112636  1970650
112854  1970656
113990  1970937
114018  1970990
124895  1970950
132229  1970791
136673  1966334
136674  1965342
138146  1965964
138375  1965313
139916  1965315
140731  1970007
140841  1970910
141257  1970155
143018  1971099
143019  1971098
143025  1970208
144510  1970636
145369  1970634
146668  1970635
146825  1970967
146837  1965969
146850  1970166
147787  1970977
147790  1970978
148356  1965667
148357  1970296
148358  1970568
148359  1970960
148360  1965946
148361  1965907
148362  1970670
148382  1970673
148410  1970675
148435  1970804
148460  1970744
148700  1970798
148701  1970803
148702  1970807
148703  1970770
148704  1970788
148705  1970790
149058  1966093
149840  1968758
149850  1968777
149851  1969394
149853  1970667
149856  1967159
149909  1970374
150587  1968287
150588  1968448
151256  1966171
151271  1966173
151272  1965776
151273  1970664
151274  1970216
151444  1970293
152072  1970294
152193  1965976
154209  1970359
154398  1966084
154951  1965677
154952  1970361
154953  1965668
154954  1966087
154955  1970362
154959  1966090
155114  1970372
155191  1970373
155194  1970363
156132  1970366
156151  1970368
157485  1970370
157939  1970629
158231  1970579
158253  1970611
158256  1970573
158322  1971024
158345  1971094
158356  1971096
158376  1971093
158377  1970729
158381  1970730
158417  1970728
158428  1971101
158459  1971102
158463  1970758
158464  1970757
158469  1970759
158470  1971104
158471  1971111
158472  1971106
158473  1971110
158474  1970921
158476  1970920
158477  1966917
158478  1967473
158479  1970156
159103  1970157
159249  1970600
159271  1968901
159275  1971026
159884  1971027
160191  1970912
160239  1970913
160336  1970914
161473  1970922
161813  1970909
162681  1970943
163698  1970945
164297  1970942
164455  1970952
164456  1970953
164460  1970961
164461  1970941
164462  1970965
164466  1970964
164467  1970969
164468  1970955
164469  1970957
164470  1970958
164472  1965968
164476  1970976
164510  1970985
164513  1970982
164516  1970959
164561  1970011
164580  1970883
164582  1970610
164583  1970968
164584  1967478
164585  1966918
164586  1967414
164594  1970564
164627  1970566
165213  1970973
165223  1970974
165224  1970733
165225  1970734
165226  1970749
165227  1970753
165228  1971063
165322  1967158
165330  1971081
165367  1971080
165369  1970412
166469  1971019
166780  1971015
166908  1971018
166911  1971073
166967  1970308
166973  1970311
169187  1970516
169607  1970203
169627  1970517
169758  1970204
169951  1971070
171065  1970390
172641  1970404
172702  1971064
172718  1971086
172719  1971085
173133  1965464
173190  1965465
173237  1966141
173317  1966140
173852  1966133
173999  1965470
174244  1965716
174755  1967578
174757  1971046
174812  1971163
174814  1971160
175673  1971161
176436  1966499
176550  1965738
176828  1965717
177932  1966536
177934  1966280
178349  1966479
178373  1968248
178768  1966246
178780  1968081
179109  1966040
181114  1966237
181162  1971006
183936  1971002
185140  1971008
185598  1971001
188592  1970207
190839  1971005
191266  1966194
191267  1966516
191269  1970994
191361  1966466
191934  1966232
193758  1966183
193858  1966186
193876  1966187
195009  1966508
195010  1970202
195073  1971088
195075  1970632
195076  1970633
195077  1970158
195078  1970406
195079  1970411
195080  1970991
195081  1966333
195277  1970775
195278  1970773
195279  1970774
195282  1966181
195283  1966352
195393  1966335
195394  1971003
195395  1971004
195397  1966336
195398  1970995
195739  1966245
195931  1966236
195933  1970783
195934  1970924
196046  1970221
196048  1970792
196051  1970206
196057  1970996
196289  1966419
196342  1966226
196377  1966220
196378  1970844
196435  1970255
196673  1966357
196733  1970999
196762  1971000
196763  1970993
196765  1970212
197335  1970213
197830  1971067
198831  1971068
199611  1971069
199994  1971084
199995  1965959
200770  1968514
200776  1965434
200810  1965435
200861  1971061
200867  1970210
200883  1970211
200925  1971023
200930  1971022
200931  1971021
200933  1971075
200981  1971076
201005  1971077
201006  1966506
201018  1966227
201047  1966510
201048  1966103
201057  1966101
201059  1966102
201060  1971062
201061  1970405
201096  1970518
201125  1970722
201126  1971271
201127  1971142
201201  1971141
201207  1971124
201228  1971125
201249  1971127
201255  1971123
201271  1971136
201272  1971129
201276  1970885
201277  1971148
201314  1971134
201316  1971151
201319  1971152
201337  1971147
201347  1971154
201359  1971149
201361  1971153
201362  1971262
201386  1970831
201419  1970829
201445  1971183
201446  1970836
201448  1971184
201475  1970218
201480  1971182
201488  1970835
201495  1970837
201508  1966240
201510  1971224
201511  1971221
201514  1971223
201515  1971205
201519  1966002
201520  1971179
201521  1971175
201525  1971226
201526  1966100
201533  1965948
201534  1966098
201535  1971196
201553  1971203
201572  1971204
201631  1971187
201632  1971189
201635  1970832
201696  1970833
201717  1971159
201727  1971168
201729  1971272
201730  1971050
201732  1971158
201733  1971193
201734  1971207
201738  1971055
201739  1971057
201740  1971035
201744  1971216
201745  1971172
201748  1971174
201749  1966481
201751  1966484
201752  1970186
201756  1970185
201759  1966256
201760  1966259
201761  1966495
201762  1965478
201764  1965954
201766  1966155
201769  1970219
201770  1971130
201773  1971128
201774  1971137
201775  1971140
201776  1971144
201777  1971047
201778  1971048
201780  1965541
201782  1966057
201783  1971208
201785  1971058
201789  1969163
201790  1969152
201799  1970175
201801  1971169
201803  1971170
201810  1969535
201815  1970169
201888  1970170
201907  1970172
201910  1970839
201922  1971133
201925  1971270
201926  1971126
201946  1971119
201948  1971116
201960  1971118
201965  1971121
201975  1970214
201981  1971120
201982  1971143
201985  1971122
201988  1970834
201989  1970200
201990  1970298
201991  1971011
201992  1971012
201993  1969942
201994  1969838
201995  1966517
201996  1966262
202002  1966266
202434  1971186
202815  1971173
202816  1971176
202832  1971214
203117  1971219
203491  1971228
203492  1971211
203493  1971212
203495  1971217
203839  1971218
203855  1970249
203856  1971036
203859  1971051
203860  1971054
203869  1971039
204053  1970250
204852  1970422
205076  1967703
205238  1967709
205239  1967942
205240  1965440
205241  1970030
205242  1970031
205243  1971194
205244  1971195
205245  1971155
205246  1966732
205288  1966741
205337  1971150
205457  1971273
205458  1969448
205459  1969393
205460  1968561
205461  1968763
206911  1968756
206912  1967665
206920  1968562
207677  1968524
207679  1967551
207682  1968527
207683  1968545
207684  1969391
207685  1969951
207697  1969952
207698  1969949
207699  1969022
207700  1968990
207701  1968999
207724  1969010
207728  1968555
207733  1969451
207734  1966527
207738  1970003
207739  1969966
207740  1966830
207741  1970800
207744  1969850
207752  1966711
207754  1966783
207755  1966524
207762  1969854
207763  1966525
207764  1966713
207765  1966718
207766  1966551
207767  1966710
207768  1966571
207769  1966751
207770  1966554
207771  1966778
207772  1970220
207773  1966787
207775  1966780
207776  1966791
207791  1969941
207792  1969822
207827  1969832
207830  1970010
207836  1970017
207837  1965305
208301  1970182
208302  1966812
208303  1969467
208304  1969196
208305  1969486
208306  1966813
208307  1969934
208308  1966646
208309  1965471
208310  1970407
208311  1965207
208312  1965231
208313  1965233
208314  1965229
208315  1965259
208316  1965263
208317  1965264
208319  1965210
208321  1965226
208322  1965215
208323  1965253
208324  1965260
208325  1970408
208326  1965880
208327  1970809
208328  1965225
208329  1965227
208330  1970801
208331  1970802
208332  1970653
208333  1967687
208334  1970268
208336  1967675
208337  1968105
208338  1970225
208340  1965268
208341  1965270
208342  1965267
208343  1970640
208344  1970652
208345  1970665
208346  1965271
208347  1965277
208348  1965276
208349  1970233
208350  1965280
208351  1965289
208352  1965297
208353  1966144
208354  1966743
208355  1966731
208356  1966827
208357  1966558
208363  1967507
208364  1966070
208365  1967398
208385  1966701
208386  1966966
208387  1966967
208388  1967481
208389  1966824
209145  1969965
209152  1969876
209153  1969054
209156  1965237
209157  1965239
209158  1965240
209159  1965245
209162  1965247
209163  1965711
209164  1965265
209165  1965217
209166  1965218
209167  1965219
209168  1965232
209169  1965243
209170  1965744
209175  1965208
209176  1965246
209177  1965266
209179  1965288
209180  1965293
209181  1965294
211487  1965296
212151  1965272
212173  1966041
212174  1966042
212175  1965884
212176  1970238
212177  1965883
212186  1965281
212187  1965295
212188  1970771
212189  1965301
212190  1965810
212213  1965889
212214  1965811
212215  1965663
212360  1967715
212361  1965646
212371  1967702
212373  1967506
212375  1970228
212376  1965603
212430  1965616
212505  1965885
212507  1965614
212508  1970244
212509  1967399
212526  1970224
212530  1971264
212567  1969849
212570  1967495
212580  1965620
212581  1967462
212585  1967454
212596  1965303
212600  1969828
212662  1970178
212663  1969827
212675  1970176
212680  1965261
212681  1965274
212685  1965256
212686  1965273
212687  1970655
212694  1970637
212709  1965212
212715  1965206
212725  1965906
212726  1970227
212729  1970847
213259  1965283
213261  1967408
213262  1967633
213267  1967410
213358  1967439
213370  1966893
213426  1966883
213477  1966884
213484  1967447
213501  1967471
214321  1970231
214389  1970874
214768  1965279
215517  1967523
215731  1965755
215732  1970660
215738  1970669
220171  1965302
220643  1970676
229863  1967556
230718  1970643
230856  1970232
230983  1965250
231544  1970006
232153  1970005
232157  1967492
233888  1970237
234395  1970222
237006  1970763
237083  1970020
237987  1969869
238117  1965236
238952  1965977
241025  1970659
241026  1965211
241027  1965235
241028  1965459
242273  1966038
243014  1970649
243432  1970226
243467  1970638
243468  1970639
243470  1965209
243471  1967152
243481  1965216
243484  1970658
243485  1965214
243487  1965213
243492  1965223
243493  1965224
243495  1965220
243497  1965221
243499  1965222
243501  1970177
243503  1970409
243505  1970410
243509  1965230
243515  1965234
243516  1965241
243531  1965238
243536  1969875
243695  1969964
243703  1965242
244052  1965251
244539  1965248
244540  1965249
244589  1965252
244816  1965255
245186  1965254
245210  1965258
245427  1965257
245431  1965262
245432  1965269
245434  1965275
245436  1965284
245439  1965278
245642  1970666
246096  1965282
246098  1965285
246099  1965286
246486  1965287
246491  1965290
246495  1965655
246566  1969858
246925  1965291
247536  1965292
247539  1965502
247540  1965569
247546  1965298
247547  1965300
247548  1965304
247549  1965306
247550  1965307
247551  1965308
248054  1965309
248055  1965310
248056  1965311
248058  1965312
248062  1965317
248063  1965334
248066  1965314
248067  1965316
248073  1965318
248074  1965326
248415  1965321
248416  1965322
248426  1965327
248977  1965339
248979  1965319
248980  1965320
249015  1965346
249016  1965330
249017  1965329
249018  1965353
249019  1965323
249021  1965337
249022  1965324
249031  1965343
249032  1965325
249573  1965328
249610  1965333
249611  1965347
250462  1965331
250463  1965332
250466  1965688
250468  1966074
250469  1965340
250474  1965335
250487  1965336
250488  1965345
250489  1965351
250491  1965350
250492  1965338
250497  1965374
250502  1965947
250984  1965344
250985  1965341
250987  1965665
250990  1965348
250992  1965352
251351  1965349
251353  1965356
252110  1965357
252111  1965354
252210  1965365
252677  1965355
252678  1966095
252679  1966092
252682  1970935
253075  1965367
253077  1965398
253091  1965399
253292  1965360
253876  1965361
253877  1965686
253914  1965377
253915  1965376
253916  1965364
253917  1965390
253925  1965967
253926  1965366
253927  1965380
253928  1965393
253929  1966097
253930  1965368
253931  1965369
253932  1965649
253933  1965370
253934  1965371
253935  1966229
253936  1970931
253937  1966225
253938  1965372
253980  1965373
253981  1965403
253982  1965691
253983  1965673
253985  1965375
254013  1965687
254272  1965856
254273  1965407
254285  1965379
254305  1967915
254367  1965409
254375  1965402
254376  1967824
254377  1965381
254378  1965382
254645  1965383
254648  1965385
256154  1965854
258010  1965855
258949  1965915
260929  1965384
261270  1965412
261811  1965386
262107  1965973
262120  1965387
264021  1965955
264802  1965413
264803  1965388
265097  1965389
265202  1965391
265869  1965394
266211  1965400
266565  1965949
268136  1965952
269175  1965395
269200  1965396
271658  1965397
271659  1965404
271943  1965956
272823  1965414
272985  1965684
272986  1965401
272996  1965411
273456  1968573
273679  1965408
273760  1965690
273798  1965405
273799  1965416
275123  1965417
275979  1966075
276536  1965410
276773  1965695
277437  1967918
278365  1965694
278366  1965424
278367  1970306
278368  1970307
278369  1965699
278370  1965692
278942  1965693
279157  1965426
279546  1965460
279944  1965418
280015  1965419
280241  1965420
281264  1970264
281265  1968572
281670  1970229
281672  1970234
283082  1970235
283083  1965421
283154  1965422
283156  1965427
283719  1965696
284316  1965698
284541  1965845
285598  1965423
288309  1965429
290263  1965713
291218  1970282
291219  1965425
292770  1965966
292906  1965445
292908  1965879
292973  1965428
293253  1965438
293264  1965917
293273  1965430
294194  1965431
294509  1965432
294510  1965957
294511  1966157
294604  1965433
294606  1966154
294890  1968487
294955  1968498
297295  1968515
297337  1969606
297385  1965436
297386  1965437
297453  1965444
297680  1965978
297693  1965697
297759  1965439
298416  1965441
298634  1965442
299141  1965443
299157  1965447
299598  1966153
299628  1969609
300095  1965449
300877  1965456
300878  1965446
301110  1965448
301136  1965451
301137  1965721
301138  1970808
301139  1965745
301140  1965454
301165  1965450
301166  1965452
301361  1965455
301544  1970389
301566  1965453
301567  1965475
301652  1965457
301657  1966138
301658  1965462
301662  1965772
301663  1966076
301670  1965458
301671  1965556
301672  1965882
301673  1965939
301674  1965557
301675  1965461
301676  1965463
301679  1966147
301707  1970145
304158  1965466
304159  1965467
304160  1966142
304161  1970391
304162  1965961
304450  1970314
304732  1965468
304752  1965469
304756  1966077
304757  1966078
305115  1965720
305177  1966015
305563  1965472
306074  1965473
306077  1966127
306078  1965740
306079  1965743
306082  1966125
306083  1965474
306084  1965476
306085  1965486
306236  1965746
306405  1965487
308292  1965479
308295  1965480
308296  1965481
308467  1965981
309000  1965735
309037  1965736
309381  1965737
310030  1966014
310033  1966020
310034  1965482
310035  1965483
310054  1965492
310058  1965493
310065  1966021
310066  1965484
310067  1965485
310068  1966491
310070  1966105
310071  1966330
310072  1966332
310074  1965507
310075  1965512
310085  1965488
310086  1965489
310087  1966115
310088  1966110
310089  1965925
310093  1965923
311154  1965926
311328  1965490
311534  1965491
311541  1966130
311551  1970348
311552  1970884
312624  1966326
312657  1965919
312711  1965497
312821  1965494
312822  1965495
312832  1965496
312835  1966162
312836  1966122
312853  1966123
312870  1966120
312873  1966124
312994  1965498
313814  1965499
313816  1965500
313818  1965749
314050  1965714
314051  1965715
314052  1965501
314053  1965505
314054  1965503
314057  1965504
314058  1966178
314989  1965506
315134  1965513
315137  1965508
315683  1965509
317219  1970642
320446  1965511
320447  1965510
321040  1965531
321041  1965865
321042  1966032
321043  1965520
321044  1966022
321181  1965514
321337  1965515
321338  1965868
321500  1965867
322048  1965516
323234  1965517
325666  1965518
325668  1965524
325790  1965983
325798  1965519
326502  1965878
327630  1965521
327631  1965523
327632  1965525
327634  1965530
327635  1965526
327694  1965529
327709  1965527
327712  1965528
327715  1965773
327716  1971257
327720  1966793
327766  1966794
327770  1966035
327771  1970647
328616  1965534
330193  1965936
330220  1966026
330232  1965532
330235  1965533
330239  1965549
330240  1965537
330254  1970862
330255  1965535
330258  1965935
330259  1965751
330261  1965536
330263  1965548
330266  1965928
330269  1965538
330270  1965539
330273  1965540
330277  1965544
330278  1965927
330279  1965775
330280  1965765
330372  1965767
330373  1965784
330401  1965989
330411  1965542
330440  1965543
330441  1965763
330443  1966453
330446  1966489
330447  1965545
330448  1965546
330449  1965547
330450  1965902
330451  1965929
330522  1965930
330523  1965550
330525  1965551
330528  1965552
330529  1965987
330539  1965754
330541  1965753
330542  1965553
330546  1965554
330551  1965570
330553  1965581
330678  1965756
331019  1965933
331026  1965758
331043  1965555
331552  1965881
331783  1965558
331786  1965559
331787  1965662
331791  1967620
331813  1966856
331816  1965560
331817  1965561
331820  1965562
331821  1965777
331824  1965780
331825  1965986
331826  1965779
331827  1965563
331828  1965564
331831  1965565
331835  1965568
331841  1965567
331842  1966329
331843  1965764
331848  1965940
332220  1965905
332275  1965566
333045  1965788
333435  1965941
333446  1966414
333447  1965580
333457  1965636
333595  1965579
334042  1965592
334043  1965571
334045  1965572
334046  1965591
334047  1965575
334229  1965573
334230  1965574
334231  1965577
334232  1965901
334233  1965798
334234  1965900
334355  1965899
334586  1965576
334587  1965578
334588  1965796
334589  1965785
334591  1965786
334683  1965787
334732  1965590
334842  1965582
334852  1965583
334959  1965600
334960  1965601
335211  1966046
335563  1965584
335640  1965585
335757  1965589
336051  1965870
336124  1965872
336127  1965873
337298  1965586
338365  1965587
341546  1965804
342831  1965588
343674  1965602
344027  1965594
344152  1965658
345084  1965611
345532  1965792
346646  1965793
346647  1965639
347190  1965593
348077  1965595
348251  1965604
348949  1965823
349066  1965822
349067  1965596
352068  1965597
353096  1965598
354051  1966006
354605  1965913
355973  1965599
356584  1965613
357134  1965605
357664  1965608
359517  1965609
360382  1965606
360388  1965607
360391  1965610
360392  1965819
361485  1965805
364360  1965806
364361  1965807
364362  1965617
364363  1966005
364364  1965619
364365  1965998
364366  1965612
364367  1965831
366909  1965809
366927  1965615
367168  1965618
367169  1965818
367170  1965621
373073  1966013
373766  1965625
373972  1965624
374115  1965622
378898  1965623
379329  1965637
379342  1965943
380137  1965820
380185  1965626
381801  1965627
382044  1965628
382276  1965846
382932  1966071
388521  1966072
389179  1965832
390065  1966073
392655  1965629
393686  1965630
394181  1965631
394213  1965825
394214  1965893
394383  1965894
394715  1965632
395111  1965633
395375  1965642
395390  1965635
395555  1965838
397030  1965839
397769  1965840
397770  1965634
397774  1965638
397791  1965643
402694  1965836
402696  1965886
402955  1965892
403402  1965640
403403  1965641
403404  1965944
404086  1965844
404347  1967670
404349  1965895
404351  1965896
404353  1968108
404354  1965843
404355  1965644
404356  1965645
404357  1965647
404358  1969973
404359  1970021
404361  1967711
404362  1965648
404363  1965650
404364  1965669
404748  1965676
404868  1966188
405765  1965651
405863  1965652
406008  1965653
406304  1965974
406485  1965984
406486  1965656
406491  1970761
406541  1965657
406551  1965659
406570  1965660
406586  1965661
406595  1969881
406654  1969868
406655  1969870
406667  1969969
406668  1965664
406669  1966000
406670  1967700
406671  1967708
406672  1965666
406673  1966086
406674  1965863
406676  1965672
406678  1965975
406881  1965670
406882  1965671
406883  1965678
406909  1965674
407610  1965675
407722  1965679
407784  1965864
408495  1965681
408829  1965680
409199  1965683
409347  1965682
409422  1965914
409427  1965689
409440  1965702
409441  1965705
409449  1965700
409450  1965859
409451  1965701
409470  1970253
409517  1968581
409529  1968885
409572  1965703
409597  1965704
409737  1965706
409747  1965979
409755  1965862
409756  1965707
409757  1965708
409758  1965709
409759  1965710
409760  1966168
409764  1966177
409770  1965712
409771  1966016
409931  1965853
410006  1965728
410007  1965852
410008  1965920
410009  1965718
410333  1965719
410344  1970241
410916  1966136
413088  1971246
413462  1966151
414939  1965722
416447  1965723
417943  1970247
417944  1965725
418092  1965918
418132  1966135
418169  1965724
419308  1965726
419309  1965727
420221  1965731
420278  1965729
420345  1965730
420633  1965732
421743  1966137
422036  1966143
422718  1965733
422719  1965734
422720  1965861
425254  1965980
425529  1965739
425742  1966420
425809  1966028
425913  1966490
426212  1966083
427057  1966331
427325  1965741
428062  1965742
429248  1965759
429259  1970382
429262  1970277
429263  1965922
429264  1965747
429265  1965748
429266  1965760
429267  1965750
429268  1965752
429269  1965866
429270  1965934
429271  1965937
429608  1965938
429858  1965757
430109  1965781
430232  1965762
432328  1965761
432387  1965909
433060  1965770
433201  1965771
433543  1965766
433808  1965768
433901  1965769
436362  1966111
436363  1967179
437765  1966402
440020  1966403
444854  1966452
444857  1965904
444858  1965774
444864  1965903
445531  1970882
445533  1965875
446023  1965778
447301  1965877
447503  1965782
447809  1965808
448851  1965783
451478  1965876
451564  1966056
452272  1965789
452276  1965800
452325  1965790
452980  1965791
453431  1965794
453534  1965795
453952  1965869
454226  1966059
454227  1965797
455156  1965801
455812  1965799
455880  1965802
455918  1965803
455937  1965812
455938  1965813
456226  1965898
456528  1965814
456552  1965827
458314  1965826
458782  1965912
458988  1965897
459276  1965817
460075  1965821
460373  1965815
460984  1965816
460997  1967354
461007  1967384
461581  1967194
463470  1967132
463475  1965890
463479  1965942
463501  1965834
463504  1965824
463505  1966051
463513  1965910
463514  1967925
463515  1965830
463516  1965848
463517  1965828
463521  1965829
463522  1970243
463523  1965833
463529  1965835
463539  1965841
463570  1967921
463576  1965837
463760  1965849
464709  1967924
464880  1965842
464910  1967669
465917  1967922
465987  1965999
465988  1965911
465994  1965997
465995  1966081
465996  1965847
465998  1967673
465999  1965850
466020  1965851
466039  1967913
466245  1967678
466814  1965916
467355  1966413
467496  1967135
467954  1970900
467955  1965860
467956  1965994
467957  1966061
467958  1966063
467959  1966062
467960  1965871
467962  1966007
467965  1966009
468238  1966048
468975  1966065
468981  1965874
468982  1966047
469002  1966053
469017  1966025
469021  1965891
470151  1965887
470152  1965888
470153  1969880
470154  1965985
470157  1966045
470186  1968109
471116  1965908
471369  1965921
471370  1967221
471371  1966749
472073  1965924
472091  1967237
472108  1966106
472149  1966107
472150  1970899
472168  1970898
472169  1965931
472595  1965932
472596  1966027
472674  1966030
472725  1966029
472820  1965988
472862  1966037
472866  1970654
473128  1965945
473902  1967680
473940  1967684
474142  1967686
475238  1967692
475239  1965953
475240  1968232
475246  1965950
475338  1965951
475339  1970929
475340  1970930
475341  1968230
475343  1966132
475344  1966418
475347  1965972
475348  1965958
475349  1965960
475556  1971249
475557  1965962
475558  1965963
475911  1971245
475914  1965970
475915  1970162
475922  1965971
475923  1966179
476067  1966088
476228  1966018
476229  1965982
476387  1970648
476397  1965990
476505  1965991
476531  1965992
476963  1965993
476989  1969990
476990  1969963
477155  1965995
477156  1965996
477160  1966001
477309  1966003
477460  1966004
477461  1966010
477462  1966008
477463  1966050
477695  1966011
477756  1966012
478260  1966271
478558  1966024
478703  1967674
478704  1966019
478705  1966023
478706  1966267
478710  1966460
478726  1966031
478727  1966033
479407  1966034
479718  1966036
479988  1966039
480012  1966247
480014  1966044
480033  1966043
480048  1966049
480067  1966052
480073  1966054
480346  1966055
480583  1966058
482411  1966064
482748  1966060
482777  1966066
483366  1966067
484003  1966068
484070  1966069
484171  1966080
484525  1966079
484531  1966082
484532  1966085
485335  1966089
485770  1970360
486075  1966091
486241  1967699
486543  1966094
486544  1970934
486874  1966096
486919  1970928
487977  1966099
488463  1966260
488465  1966378
488536  1968300
488542  1966104
488641  1968306
488642  1968307
488644  1971253
488649  1967429
488652  1966108
488656  1966109
488657  1966113
488658  1966114
488662  1966112
488669  1966440
488680  1968156
488681  1967385
488686  1967660
488687  1966116
488853  1967238
489205  1967239
490199  1966117
490200  1966118
490207  1966119
490626  1966728
490627  1966730
490628  1967223
490631  1967225
490632  1966121
490756  1966609
491245  1966633
491246  1967222
491247  1966727
491251  1966126
491252  1966129
491253  1966128
491254  1969984
491542  1970259
491543  1966607
491900  1971254
491908  1969755
492053  1966131
492164  1970383
492165  1970588
492171  1966134
492296  1970425
492298  1970426
492299  1966139
492348  1966145
492349  1970350
492350  1966146
492438  1970848
492439  1966148
492610  1966149
492669  1966150
492670  1970251
492689  1966152
492828  1969891
492829  1969892
492952  1966180
492953  1966156
492954  1966158
493006  1966159
493185  1966160
493771  1970070
493904  1970199
493905  1966161
493906  1966163
493907  1966172
495031  1970708
495032  1966166
495036  1966969
495037  1966164
495038  1966165
495039  1966908
495040  1966858
495044  1966907
495073  1966167
495110  1966809
495160  1966805
495328  1966808
495424  1966169
495425  1966170
495528  1970720
511845  1971242
512229  1971241
512254  1966802
512268  1966174
516809  1970260
521270  1970261
531968  1966175
532154  1966176
532284  1970852
532288  1970429
532310  1970424
532315  1966182
535402  1966184
535409  1966185
535544  1966464
535552  1966189
535899  1966462
535901  1969974
535902  1966196
535905  1966467
535953  1966190
535954  1966191
536203  1966192
536204  1966200
536205  1966337
536206  1966338
536380  1971014
536516  1966193
536779  1966195
536780  1966201
537729  1966197
539601  1966198
539701  1966199
540688  1966216
543366  1966217
544872  1966202
547188  1966210
547646  1966469
553487  1966219
553511  1966349
555283  1966203
557043  1966204
559731  1966313
560730  1968164
560906  1966277
560988  1966276
561662  1966205
561663  1966206
562181  1966214
562842  1966346
563063  1966347
563088  1966207
563139  1966208
563527  1966209
570482  1966218
573680  1966350
573932  1966503
574956  1966504
574999  1966211
576010  1966513
576088  1966515
577006  1966212
577968  1966213
577983  1966244
578475  1966341
578476  1966339
578477  1966342
578478  1966215
578479  1967919
578480  1966222
578481  1966348
578482  1966221
578483  1966223
578484  1966224
578485  1966228
578486  1966470
578487  1966475
578488  1966502
578489  1970823
578490  1966356
578491  1966231
578492  1966230
578493  1966255
578494  1966519
578495  1966235
578496  1966233
578498  1966234
578499  1966317
578502  1966324
578527  1966425
578528  1966320
578529  1966319
578530  1966238
578531  1966239
578532  1966242
578533  1966477
578534  1966417
578536  1966497
578537  1966241
578538  1966476
578539  1966243
578540  1971028
578541  1966461
578542  1966248
578543  1966249
578544  1966345
578545  1966251
578547  1966343
578548  1966344
578562  1966250
578563  1966253
578564  1966493
578565  1971031
578566  1966252
578567  1966363
578568  1966361
578569  1966494
578570  1966254
578571  1966263
578572  1966257
578573  1966258
578574  1966365
578575  1966355
578576  1970190
578577  1966261
578578  1970188
578579  1966265
578580  1966364
578581  1966366
578582  1966264
578583  1966268
578584  1966275
578600  1966367
578604  1966360
578610  1966482
578612  1966278
578625  1966282
578629  1966269
578633  1966270
578642  1966272
578644  1966302
578645  1966273
578653  1966369
578657  1966431
578671  1966371
578676  1966374
578682  1966292
578688  1966289
578689  1966274
578711  1966279
578712  1966377
578759  1966430
578803  1966286
578817  1966296
578818  1966281
578819  1966285
578820  1966304
578822  1966283
578826  1966284
578828  1966288
578829  1966433
578926  1966303
578927  1966287
578952  1966291
578960  1966432
578961  1966290
578962  1966293
578963  1966439
578964  1966457
578965  1966455
581379  1966382
581574  1966294
582828  1966295
583182  1966310
584739  1966415
585738  1966380
591118  1966297
591274  1966459
592345  1966300
592772  1966301
594654  1966384
597641  1966373
598275  1966305
605308  1966312
612279  1966307
612280  1966306
612897  1966426
618117  1966308
620813  1966309
622955  1970258
624300  1966311
625741  1966396
625742  1967585
628795  1967601
629639  1966314
630540  1966427
631565  1966316
631567  1966315
631585  1966386
634224  1966443
634238  1966454
635689  1966387
636526  1966318
636751  1966394
642625  1966395
644830  1966390
648668  1966389
648739  1966321
654379  1966322
658496  1966446
659075  1966445
660554  1966323
660555  1966325
661239  1966447
661240  1966391
661321  1966409
661322  1970381
661323  1966327
663558  1966328
663559  1966423
664594  1966401
664595  1966422
664698  1966408
666507  1966530
669331  1968558
669541  1966351
669913  1966359
669978  1966340
669987  1966463
669988  1970201
670019  1967920
670020  1966500
670021  1966505
670022  1970926
670023  1966354
670024  1966358
670025  1966372
670026  1970254
670027  1966362
670028  1966370
670029  1968251
670030  1966368
670031  1966492
670032  1966379
670033  1966381
670040  1966456
670042  1966383
670433  1966388
670434  1966385
670438  1966393
670492  1966392
670515  1966399
670518  1966441
670531  1966397
670532  1966398
670533  1966449
670534  1966485
670535  1966487
670536  1966400
670537  1966438
670538  1966404
670539  1966405
670540  1966411
670541  1966406
670542  1966407
670543  1966421
670544  1966410
670545  1966412
670546  1966416
670547  1966498
670548  1966501
670549  1966424
670550  1966428
670551  1966429
670552  1966483
670553  1966437
670554  1966451
670555  1966444
670556  1966486
670557  1966442
670558  1966488
670559  1966448
670560  1966450
670561  1966465
670562  1971030
670569  1967944
670978  1968103
671567  1968163
671791  1971029
672040  1970998
672385  1966468
673373  1966471
673605  1966472
676145  1966473
677624  1966474
677654  1966511
677796  1966512
677876  1966478
678175  1966496
683571  1970257
684377  1970845
685289  1966480
685329  1968553
685717  1967662
687405  1971032
688516  1970927
688585  1970936
688586  1970925
688593  1966507
688594  1970256
695896  1966514
699453  1971013
701271  1969976
701289  1970110
701461  1966520
701483  1966521
701486  1966522
701487  1966529
701490  1969114
701495  1969098
701502  1969131
701503  1966828
701507  1970139
701508  1970324
701509  1966528
701911  1966526
702172  1966537
702173  1966542
702179  1966810
702187  1969469
702223  1969471
702779  1966531
702782  1966535
702882  1966532
702883  1966533
702886  1966534
702887  1966541
702890  1970853
702892  1966538
702893  1966545
702897  1966547
702917  1966539
702992  1966540
702994  1966598
702997  1966584
702999  1966546
703000  1966543
703001  1966544
703002  1966579
703003  1966580
703004  1966581
703005  1966548
703006  1966556
703058  1966549
703276  1966555
703285  1966690
703286  1966560
703287  1966691
703288  1966550
703290  1966552
703389  1966563
703392  1966702
703393  1966703
703407  1966553
703408  1966577
703409  1966754
703410  1966779
703411  1966755
703412  1966561
703413  1966557
703469  1966723
704192  1966559
704331  1966567
707726  1966688
707961  1966689
707990  1966565
708883  1966562
709270  1966564
709786  1966669
709787  1966705
709788  1966795
709789  1966796
709790  1966566
709791  1966573
709792  1966574
710190  1966568
710216  1966569
710523  1966582
710652  1966570
711493  1966572
711494  1966671
711495  1966672
711496  1966667
711497  1966583
711498  1966575
711499  1966592
711500  1966576
711501  1966578
711502  1966591
711503  1966752
711504  1966753
711514  1966585
711536  1966589
711894  1966590
711895  1971252
711982  1966586
712484  1966587
712485  1966588
712498  1966615
712499  1967476
714408  1966670
715389  1966668
715392  1966600
715393  1966597
715394  1966680
715407  1966593
715422  1966594
715423  1966695
715429  1966694
715726  1966595
715727  1966596
715730  1966599
715731  1966601
715732  1966623
715733  1966618
715734  1966602
715735  1966634
715736  1966673
715737  1966604
715738  1966605
715739  1966606
715740  1966613
717546  1966729
717813  1966675
718613  1966674
718622  1966608
718825  1966610
719235  1966611
719253  1966612
719438  1966628
719464  1966617
719465  1966726
719467  1966700
719473  1966614
719475  1966616
719476  1966720
719477  1966724
719478  1966906
719482  1966627
719493  1966619
720110  1966621
720588  1966620
720730  1966622
720731  1966624
720733  1966758
720734  1966759
720735  1966763
720738  1966625
720754  1966645
720758  1966626
720853  1966629
720854  1966631
720857  1970780
720858  1966725
720862  1966698
720863  1966815
720866  1966630
720867  1966632
720956  1966735
723597  1966734
724018  1966640
724500  1966638
724553  1966636
724770  1966637
724771  1966641
724777  1966959
724780  1966935
724868  1967485
724917  1966639
724944  1966656
724951  1966739
725000  1966738
725011  1966643
725223  1966649
725460  1966647
726717  1966650
726755  1966692
726865  1966693
728090  1966652
730572  1966653
730685  1966654
730796  1966660
735044  1966968
735864  1966958
736505  1966659
737168  1966658
737617  1970776
738929  1970189
739010  1966785
739013  1966663
739014  1966664
739015  1966665
739019  1966678
739080  1966676
739081  1966697
739082  1966821
742346  1966666
742585  1966714
742943  1966719
744142  1966721
744143  1966706
744145  1966679
744146  1966716
744147  1966750
744171  1966677
744320  1966722
744776  1967456
745455  1966683
747011  1966765
747012  1966682
747013  1966681
747978  1966687
747996  1966792
748181  1966767
749084  1966686
749086  1966762
749087  1966764
752166  1966770
753435  1966786
753436  1966781
754604  1966756
754605  1966699
754864  1970678
755039  1966797
755900  1966825
755901  1966704
755902  1967444
756346  1966826
756352  1966707
756629  1966712
756909  1966717
757188  1966708
757189  1966709
758870  1966715
759009  1967477
760418  1966740
762591  1966748
762778  1966733
762779  1966747
762839  1970781
763134  1966790
763253  1966817
763630  1966745
763653  1966746
763966  1966818
766352  1966819
766434  1970782
766533  1967234
766534  1966768
766915  1966777
766916  1966761
766929  1966766
766966  1966772
766976  1966773
769261  1966769
769357  1966771
769853  1966775
771661  1966774
772868  1966776
772869  1966789
773992  1966784
774332  1966782
774500  1966788
774505  1966798
774507  1966799
775154  1966803
776333  1966800
776461  1966801
777217  1968154
777504  1968127
777530  1966804
777535  1966806
778856  1966807
778885  1966851
778912  1966811
778925  1966829
778926  1969483
778938  1970778
778944  1966820
778976  1966822
779249  1966823
779426  1967548
779740  1966838
779741  1966839
779931  1967450
779932  1970322
780354  1969484
780629  1966831
780892  1966832
781479  1967634
781480  1967635
781481  1966833
781482  1966834
781490  1966863
781492  1966864
781900  1966835
781901  1966836
781903  1967696
781904  1967701
781907  1966837
781910  1966840
781911  1966841
781916  1966842
781918  1967242
781921  1967614
781924  1967230
781925  1967493
781929  1966843
781930  1966844
781931  1967609
783874  1967616
783877  1966845
784765  1966846
784767  1966847
784768  1966848
784769  1967397
784772  1967617
784782  1967618
784791  1966859
784792  1966857
784795  1966849
784796  1966850
785028  1966862
785232  1967262
785281  1967251
785282  1967257
785283  1967258
785287  1967266
785289  1967657
785290  1971256
785291  1966852
785294  1966853
785298  1966854
785820  1966866
786901  1966855
786902  1967490
786903  1967494
786904  1967607
786915  1966861
786918  1967655
786919  1966960
787089  1966860
787101  1967710
789387  1966873
789543  1968110
790705  1967929
790708  1966865
791033  1966867
791034  1966871
791040  1967491
791071  1967610
791072  1966868
791074  1966869
791120  1966870
791126  1967465
791150  1967418
791151  1967419
791153  1967420
791154  1966872
791155  1966890
791156  1966878
791164  1966876
791165  1966874
791166  1966875
791167  1966877
791168  1966882
791171  1967604
791172  1967404
791173  1967407
791174  1967412
791175  1966879
791176  1966892
791177  1966880
791178  1966881
791192  1966886
791203  1967413
791204  1967241
791205  1966887
791206  1966902
791213  1967464
791221  1966905
791222  1967457
791223  1966885
791224  1966899
791225  1966889
791231  1966910
791232  1966888
791233  1966914
791236  1967426
791237  1966916
791243  1966891
791244  1967659
791245  1967330
791252  1966894
791253  1966903
791265  1966895
791266  1966896
791267  1967283
791268  1967342
791269  1967343
791270  1967721
791271  1966897
791272  1966898
791273  1966901
791274  1967411
791275  1970262
791276  1966923
791285  1966900
791303  1966920
791561  1966904
791562  1967468
791563  1967470
791564  1967474
791571  1967475
791602  1966909
791603  1966915
791604  1966921
791641  1966911
791642  1966912
791643  1966913
791644  1967395
791645  1967322
791648  1967332
791649  1967621
791653  1967396
791654  1966924
791655  1967479
791656  1966919
791665  1967480
791666  1966927
791667  1967558
791690  1966922
791711  1966926
791714  1966925
791724  1967329
791727  1966928
791737  1966929
791740  1966934
791743  1966930
791744  1966931
791745  1966932
791746  1966951
791749  1966933
791750  1966940
791751  1967628
791752  1966939
791753  1966961
791754  1966937
791759  1967544
791763  1966936
791767  1966938
791768  1966942
791769  1966944
791770  1967323
791771  1966943
791772  1966945
791773  1967625
791774  1966941
791775  1967321
791776  1967631
791777  1966946
791778  1966947
791779  1967382
791780  1966954
791781  1967767
791782  1968100
791783  1967517
791784  1966948
791785  1966949
791786  1966950
791788  1966956
791789  1967328
791790  1967557
791791  1967488
791799  1967484
791800  1967487
791801  1966952
791802  1966984
791803  1967333
791809  1966953
791810  1966955
791816  1970223
792140  1967518
792141  1967393
792143  1967394
792146  1966957
792167  1967483
792207  1967534
792211  1966964
792407  1966962
792408  1966963
792414  1967641
792419  1967642
792668  1967320
792692  1967646
792704  1967644
792717  1966965
792718  1966976
792747  1967643
793814  1967482
793845  1970786
794661  1966970
794662  1966971
794682  1966978
794683  1966973
794684  1967629
794685  1967630
794686  1966972
794690  1967627
794691  1966974
794692  1966975
794693  1966990
794709  1967220
794713  1967653
794751  1966977
794752  1970184
794753  1966981
794754  1966979
794770  1966980
794771  1966998
794772  1967383
794787  1967802
794812  1968169
794818  1966982
794821  1966985
794822  1966983
794823  1966986
794824  1966999
794825  1967304
794842  1966994
794845  1966987
794846  1966988
794892  1967530
794996  1967531
795016  1966989
795453  1966995
795480  1967390
795492  1967318
795493  1967319
795494  1966991
795495  1966992
795496  1967000
795497  1967528
795499  1967533
795500  1967334
795501  1966993
795502  1967001
795503  1967032
795504  1967345
795508  1967325
795509  1966996
795515  1966997
795526  1967002
795787  1967379
796424  1970217
796558  1967381
796560  1967011
796835  1967003
796836  1967005
796849  1967004
796850  1967014
796863  1967219
796878  1967392
796883  1967391
796892  1967024
796896  1967006
796902  1967007
796903  1967008
796906  1967026
796910  1967529
796912  1967021
796913  1967009
796914  1967010
796919  1967043
796926  1967365
796940  1967668
796941  1967012
796942  1967031
796947  1967046
796954  1967050
796956  1967013
796960  1967015
796966  1967023
796967  1967016
796970  1967018
796972  1967017
796981  1967019
796982  1967033
796986  1967025
797001  1967378
797002  1967020
797003  1967022
797015  1967030
797025  1967526
797026  1967525
797040  1967028
797041  1967352
797042  1967037
797043  1967027
797092  1967029
797400  1967049
797493  1967351
797494  1967035
797496  1967040
797498  1967042
797499  1967377
797500  1967034
797501  1967066
797502  1967053
797508  1967036
797528  1967044
797540  1967056
797551  1967071
797552  1967038
797560  1967039
797563  1967041
797564  1967055
797569  1967141
797573  1967062
797574  1967045
797578  1967047
797579  1967512
797583  1967515
797606  1967516
797630  1967054
797633  1967048
797634  1967061
797635  1967511
797636  1967052
797674  1967051
797716  1967057
797805  1967553
797851  1967067
798125  1967524
798126  1967663
798127  1967059
798128  1967060
798152  1967063
798154  1967058
798155  1967565
798156  1967089
798157  1967078
798161  1967065
798162  1967108
798163  1967366
798165  1967070
798166  1967064
798167  1967102
798192  1967069
798193  1967112
798195  1967123
798196  1967085
798197  1967522
798201  1967068
798206  1967105
798213  1967878
798214  1967357
798216  1967369
798217  1967075
798218  1967073
798219  1967074
798220  1967095
798221  1967072
798222  1967076
798223  1967571
798224  1967080
798225  1967077
798226  1967600
798227  1967079
798228  1967086
798229  1967081
798230  1967083
798235  1967082
798236  1967568
798237  1967084
798238  1967088
798239  1967510
798330  1967509
798405  1967508
798539  1967090
799035  1967091
799294  1967092
799402  1967096
799411  1967093
799416  1967094
799417  1967103
799572  1967098
799813  1967099
799814  1967100
799815  1967097
799817  1967115
799822  1967109
799835  1967364
799836  1967101
799837  1967104
799838  1967111
799839  1967106
799840  1967138
799846  1967110
799849  1967113
799850  1967121
799931  1967356
799955  1967107
799961  1967116
800392  1967114
800625  1967362
801018  1967119
801263  1967117
801264  1967129
801266  1967363
801316  1967120
801853  1967170
802185  1967118
802490  1967148
802491  1967181
802644  1967371
802645  1967131
802732  1967361
802733  1967122
802861  1967124
802866  1967573
802879  1967503
803012  1967572
803015  1967574
803143  1967125
803144  1967126
803145  1969745
803235  1969757
803284  1969771
803291  1967127
803293  1967128
803294  1967134
803295  1967171
803296  1967168
803308  1967172
803309  1967130
803354  1967144
803377  1967579
803780  1967360
803787  1967133
803855  1967388
803999  1967140
804095  1967389
804096  1967178
804173  1967136
804352  1967137
804362  1967143
804363  1967202
804468  1967139
804499  1967142
804511  1967203
805008  1968618
805222  1967387
805284  1967376
805287  1967146
805372  1967213
805375  1967165
805376  1967581
805377  1967145
805378  1967147
805415  1967151
805416  1967375
805740  1967552
805741  1967554
806310  1967149
806869  1967164
807270  1967174
807467  1967214
807468  1967589
807621  1967150
807628  1967153
807843  1967154
807846  1967155
807847  1967156
808110  1967157
808111  1967160
808466  1967161
808637  1967163
808709  1967575
809115  1967184
809169  1967187
809231  1967166
809235  1967583
809848  1967169
809849  1967200
810000  1967167
810001  1967173
810002  1970240
810003  1968512
810004  1967368
810012  1967786
810013  1967175
810014  1967191
810015  1967358
810040  1967218
810041  1967599
810044  1967176
810045  1967177
810046  1970230
810133  1967197
810134  1967180
810136  1967185
810139  1967895
810140  1967182
810141  1967183
810158  1967206
810159  1967207
810501  1968603
810576  1967186
810656  1967211
810657  1967208
810658  1967188
810660  1967189
810661  1967190
810662  1967192
810665  1967591
810668  1967597
810669  1967598
810670  1967193
810671  1967195
810768  1967560
810769  1967577
810770  1967666
810771  1967196
810772  1967212
810773  1967664
810774  1969395
810775  1967198
810776  1967199
810777  1967243
810778  1967580
810779  1968505
810780  1967205
810792  1967204
810793  1968503
810794  1969599
810795  1967210
810801  1968496
810805  1967209
810806  1968495
811051  1967588
811052  1967596
811053  1970270
811054  1968501
811055  1968513
811206  1968490
811207  1968492
811208  1968535
811209  1968550
811210  1967215
811211  1967216
811212  1967233
811213  1968489
811214  1968544
811330  1967217
811331  1967594
811336  1967639
811337  1967224
811810  1967226
811921  1967227
811922  1971255
811923  1967228
811924  1967231
811925  1967229
811926  1967613
811927  1967611
812224  1967232
812225  1967235
812284  1967236
812832  1967240
812927  1967440
813463  1967435
814164  1967424
814165  1967436
814192  1967244
814193  1967359
814219  1967409
814239  1967437
814598  1967441
814599  1967402
814691  1967403
815075  1968494
815115  1967245
815116  1967246
816651  1967247
816842  1967250
816883  1967249
817107  1967248
817831  1967256
817832  1967264
818127  1967254
818128  1967252
818793  1967253
818988  1967255
819403  1967260
819498  1967263
819499  1967259
819500  1968071
819688  1967261
820249  1967265
820258  1967270
820259  1967658
820275  1967331
820464  1967278
821005  1967271
821006  1967267
821493  1967268
821789  1968072
821790  1968073
821791  1967269
822270  1967272
822271  1967277
822272  1967656
822273  1967273
822274  1967274
822275  1967276
822276  1967275
822277  1967280
822279  1967282
822280  1967287
822281  1967279
822282  1967281
822283  1967286
822284  1967307
822285  1967284
822286  1967285
822385  1967623
822386  1967757
822387  1967288
822388  1967289
822389  1967291
822390  1967293
822396  1967290
822397  1967295
822511  1967299
822512  1967292
822514  1967311
822710  1967294
822711  1967296
822813  1967297
822841  1967302
823114  1970263
823115  1967298
823116  1967300
823117  1967301
823158  1967303
823173  1967305
823176  1967344
823185  1967306
823547  1967308
823548  1967555
823891  1967309
823909  1967310
823911  1967312
823916  1967313
823924  1967327
823925  1967314
823926  1967315
824135  1967316
824601  1967324
824692  1967651
824693  1967645
824694  1967346
824695  1967353
824696  1967380
824697  1967355
824698  1967570
824699  1967562
824700  1967370
824701  1967367
824709  1967841
824780  1967373
827894  1967374
827909  1967667
828087  1967877
828657  1967372
829296  1967894
829297  1967892
831383  1970265
831829  1967520
831831  1969500
831832  1967521
831833  1968517
831834  1967969
831835  1967836
831836  1967975
831837  1967569
831838  1967386
831839  1967423
831840  1967489
831841  1967400
831842  1967401
832646  1970191
832954  1967615
833196  1967405
833197  1967632
833801  1967406
833802  1967416
833806  1967415
833810  1967469
833811  1967417
834968  1967422
835745  1967433
835860  1967432
839533  1967463
840641  1967421
841181  1967455
841277  1967425
841782  1967427
841794  1967428
842159  1967459
842160  1967559
842161  1967430
842162  1967431
842163  1967452
843487  1967460
845097  1967434
845373  1967438
845374  1967451
845377  1967453
845378  1967442
845379  1967443
847006  1967445
847063  1967547
847948  1967549
848640  1967461
848641  1967546
848715  1967449
848877  1967446
850213  1967448
850983  1967564
850998  1970677
851525  1967458
851526  1967467
851701  1967466
851702  1967545
851703  1967486
851704  1967543
851705  1967535
851706  1967638
852109  1967502
852110  1967501
853465  1967497
853467  1967496
853468  1967498
853758  1967930
853759  1967499
853760  1967500
853811  1967504
854055  1967505
854056  1970399
855082  1967566
855481  1967513
855482  1967514
855483  1967519
855653  1967755
855730  1967661
855737  1968532
856168  1967527
856210  1967532
856240  1967538
856354  1967536
856429  1967537
856445  1967542
856592  1967541
857084  1967539
857485  1967626
859060  1967540
859234  1967550
859356  1967576
860084  1968136
860215  1967561
860234  1967563
860258  1967567
860283  1968467
860732  1967582
860747  1968488
860753  1968551
860754  1967584
861077  1967606
864454  1967586
864455  1967587
864456  1971258
864457  1967590
864557  1967595
865619  1967605
865937  1967592
866044  1967593
866853  1967602
867002  1967603
867046  1967954
867130  1968095
867164  1967949
867326  1967608
867337  1967612
868800  1967637
868985  1970266
869011  1967619
869059  1967622
869067  1967624
869068  1967636
869069  1967640
869070  1967648
869077  1967649
869079  1967647
869085  1967654
869086  1967650
869087  1967652
869090  1968241
871051  1967993
871172  1967672
871173  1967671
871260  1967677
871652  1968118
872225  1967931
872226  1967676
872478  1970236
872495  1967926
872653  1967679
872813  1967681
873235  1968106
873554  1968107
875363  1967682
875540  1967685
875570  1967683
875646  1967939
875679  1971260
876342  1967693
877072  1967695
877445  1967691
877458  1967928
879438  1967688
879858  1967689
880051  1967690
880052  1967932
880110  1968116
880299  1967694
880309  1967940
880310  1967941
880313  1967697
880315  1967698
880316  1968120
880317  1967707
880318  1967704
880321  1967705
880332  1967936
880337  1968102
880339  1968104
880340  1967706
880341  1967712
880342  1968234
880347  1968158
880438  1967713
880443  1967714
880567  1968121
881388  1968050
881625  1967716
883084  1967717
883887  1967725
884049  1968126
884071  1968159
884072  1968160
884079  1967718
884080  1967719
884081  1967720
884084  1967726
884285  1968161
884286  1968062
884296  1968064
884297  1967724
884299  1967967
884380  1967722
884672  1967723
884685  1967968
884686  1968068
885767  1967744
885769  1967727
886687  1967947
887749  1970751
888183  1967948
888857  1967728
889833  1967729
890007  1967730
890477  1967911
890599  1970745
891613  1967731
891616  1967791
891801  1967951
892913  1967952
893647  1967953
894203  1967732
895404  1967733
897566  1967734
897730  1967741
898240  1968244
899944  1968219
901605  1968231
902473  1968198
903127  1967735
903975  1967736
906367  1967737
906600  1968130
906644  1968128
907560  1968214
910301  1968221
912640  1968218
912721  1968223
912726  1967738
916340  1967739
917476  1967740
918203  1967742
919536  1968115
919596  1968113
920109  1967946
942867  1967950
943259  1968227
946825  1968228
950174  1968094
953353  1967743
955361  1967745
957385  1967758
964913  1970743
965201  1967749
965710  1967752
965727  1967746
965732  1967747
965733  1967748
966361  1967760
966684  1968129
974320  1968139
975374  1967753
976808  1967751
979117  1970737
979562  1967773
979595  1967754
983183  1967756
983531  1967796
983913  1967798
986436  1967966
990286  1967759
995663  1967761
996895  1968090
996899  1968137
996902  1967762
996949  1967763
996950  1967764
996992  1967766
997203  1967765
997204  1968087
997205  1967797
997210  1967768
997256  1967769
997258  1967770
997623  1967960
1000525  1967783
1001148  1968093
1001162  1968098
1001261  1968085
1002069  1968097
1002070  1968091
1002071  1967777
1002156  1967775
1002196  1967772
1002200  1967774
1003585  1967776
1006002  1970735
1007147  1967957
1007184  1967959
1007275  1968088
1007282  1970741
1007287  1967779
1007300  1967780
1007670  1967781
1007752  1967787
1008406  1968086
1008568  1967962
1009041  1967782
1009531  1967784
1010042  1967795
1015383  1967785
1015605  1967803
1017418  1967800
1017428  1968141
1017429  1968249
1017437  1967788
1018677  1967789
1018909  1967793
1020227  1967974
1021968  1967964
1021972  1968142
1022002  1967790
1022013  1967792
1022015  1967804
1025954  1967794
1025979  1967811
1025982  1967815
1025983  1967806
1025984  1967972
1025985  1967799
1025986  1967801
1026336  1967805
1026840  1967970
1027672  1967971
1027673  1967955
1027674  1967956
1027675  1967816
1028683  1967820
1029195  1968099
1029214  1967813
1029215  1967808
1029286  1967809
1029287  1967812
1030099  1967814
1030700  1967826
1032198  1967810
1032211  1967821
1033707  1967822
1036002  1967827
1036358  1967834
1036592  1967818
1036684  1967830
1036689  1967973
1036729  1967817
1036730  1967858
1036731  1967985
1036732  1967977
1036733  1967819
1036734  1967998
1037007  1968146
1037008  1967823
1037444  1968144
1037888  1967829
1039424  1967831
1040308  1967825
1040309  1967828
1040310  1967979
1040311  1967980
1040754  1967837
1040861  1968145
1041004  1967843
1041453  1967832
1041454  1967833
1041766  1967835
1044702  1967994
1044703  1968101
1044818  1967850
1045180  1968011
1045181  1968177
1045182  1967838
1045183  1967839
1045961  1967840
1045962  1968008
1045963  1968007
1045964  1968009
1046138  1967849
1046234  1967842
1047436  1967844
1047466  1967859
1047477  1967845
1047658  1968002
1047698  1967846
1047999  1967847
1048000  1968001
1048001  1967862
1048015  1968172
1048016  1967848
1048026  1967853
1049354  1967851
1049936  1967852
1050052  1967860
1051081  1967866
1051861  1967984
1056723  1967986
1057493  1967988
1057533  1967854
1058352  1967990
1058353  1967855
1058354  1967856
1058517  1967857
1058631  1967868
1058702  1967992
1058715  1967989
1058845  1967870
1058854  1967995
1058855  1967864
1058935  1967869
1058954  1967861
1059045  1967863
1059082  1967999
1059171  1967997
1059244  1967996
1059621  1967865
1059828  1967884
1060148  1968000
1060165  1967867
1060301  1967873
1061631  1968004
1062458  1967871
1065070  1968024
1065273  1967907
1067925  1968016
1067934  1968015
1068377  1967872
1068378  1967874
1068613  1968252
1069163  1968025
1074972  1968022
1078916  1967875
1080520  1967876
1084604  1967880
1084945  1968005
1084962  1968006
1084968  1967881
1087516  1967882
1090028  1967885
1090029  1967896
1090030  1968018
1090032  1967883
1090033  1967887
1090034  1967890
1090054  1968032
1090056  1968019
1090061  1967888
1090081  1967889
1090090  1968028
1090092  1968031
1090095  1967891
1090101  1967893
1090175  1968037
1090454  1968033
1090670  1968038
1090961  1969671
1090962  1967897
1091766  1967898
1092109  1968039
1092300  1969645
1092887  1968034
1094523  1968035
1094563  1968029
1095080  1967901
1095105  1967902
1095620  1967903
1095656  1967905
1096516  1969638
1097283  1967906
1098056  1967908
1099592  1967910
1099593  1967904
1099934  1969637
1100136  1968150
1100399  1968026
1100546  1968027
1101008  1968254
1102495  1967909
1102549  1968149
1102567  1970746
1102845  1967912
1103190  1968237
1103191  1967914
1103192  1967916
1103193  1967917
1103557  1967923
1104112  1967927
1105037  1967933
1105038  1967934
1106108  1967935
1106109  1967937
1106598  1967938
1106632  1968245
1106633  1968055
1107219  1968057
1107226  1967943
1107550  1967945
1107941  1968069
1108090  1970750
1109876  1968075
1109877  1968162
1110939  1968074
1111236  1970881
1111323  1967958
1113811  1967961
1113812  1967963
1115076  1968112
1115609  1968096
1116179  1968247
1116851  1968070
1117787  1967976
1117791  1967978
1117869  1967982
1118118  1967983
1118383  1968171
1118834  1967987
1119034  1967991
1119035  1968148
1119530  1968003
1122553  1968010
1122554  1968012
1122606  1968243
1124480  1968179
1129267  1968013
1129270  1968180
1129955  1968014
1130806  1968017
1131238  1968147
1131776  1968030
1131807  1968020
1131926  1968021
1131938  1968023
1132030  1968253
1132210  1969898
1132221  1968036
1132241  1968041
1132244  1969899
1132261  1968040
1132302  1969648
1132374  1969893
1132426  1968044
1132926  1968080
1135266  1968046
1135782  1968045
1135884  1968078
1135985  1968048
1136078  1968047
1138779  1968082
1139153  1968049
1143452  1968051
1143493  1968083
1143494  1968122
1143705  1968124
1144016  1968076
1144023  1968052
1144024  1968053
1145121  1968054
1145508  1968084
1145620  1968056
1145689  1968059
1145693  1968058
1145696  1968061
1145700  1968060
1145702  1968063
1145708  1968065
1145709  1968067
1145733  1968066
1145753  1968077
1145756  1968123
1145806  1968125
1145971  1968152
1146418  1968089
1146420  1970738
1146436  1970736
1146437  1970739
1146444  1968092
1146567  1968131
1146575  1968114
1146590  1968140
1146593  1968111
1146597  1968170
1146601  1968238
1146603  1968239
1147204  1968117
1148241  1968119
1149237  1968151
1149613  1968153
1149637  1968215
1149682  1968216
1150712  1968217
1151005  1968134
1151019  1968138
1151026  1968132
1151027  1968133
1151088  1968135
1151100  1968209
1152067  1968210
1152156  1968220
1152161  1968200
1152180  1968202
1152219  1968242
1152220  1968233
1152245  1968143
1152274  1968174
1155680  1969640
1156771  1969656
1157566  1968155
1165719  1968157
1177956  1970646
1177969  1970641
1178686  1970645
1178952  1970742
1179052  1968168
1180281  1968173
1180969  1968175
1180970  1968176
1181294  1968178
1181735  1968181
1183798  1968189
1184012  1968183
1184180  1968185
1184663  1968187
1187005  1968191
1190116  1968188
1191988  1968192
1193904  1968190
1194471  1968195
1194772  1968197
1194963  1968194
1195151  1968193
1195152  1968196
1195178  1968203
1195486  1968199
1195489  1968201
1196028  1968205
1197077  1968204
1197078  1968206
1197083  1968207
1197204  1968208
1197989  1968224
1198118  1968211
1198134  1968212
1199176  1968213
1199546  1968222
1201189  1968246
1202351  1968225
1202352  1968226
1202353  1968235
1202354  1968236
1202355  1968255
1202697  1968265
1202707  1968268
1202713  1968468
1202753  1968258
1202917  1968275
1203129  1968260
1203286  1968262
1203294  1968281
1203548  1968278
1203562  1968323
1203742  1968292
1203745  1968335
1203773  1968263
1204646  1968474
1204651  1968991
1204925  1968460
1204974  1968267
1205931  1968277
1205966  1968273
1206685  1968269
1206695  1968274
1208403  1968305
1208454  1968272
1208698  1968280
1208711  1968296
1208726  1968276
1208803  1968298
1209536  1968284
1211897  1968279
1212583  1968402
1212931  1968404
1212932  1968290
1214918  1968475
1215606  1968282
1215607  1968297
1216216  1968455
1216408  1968286
1216433  1968303
1216578  1968289
1216677  1968288
1217110  1968291
1217438  1968447
1217752  1968295
1217757  1968294
1217781  1968293
1217810  1968466
1218064  1970375
1218214  1968312
1218215  1968409
1218216  1968299
1218217  1968316
1219639  1968301
1220426  1968302
1220427  1968315
1221251  1968473
1221253  1968304
1222364  1968319
1222506  1968313
1223530  1968483
1223531  1968308
1227344  1968309
1227460  1968310
1228036  1968311
1228037  1968332
1228063  1970318
1228064  1969041
1228065  1969042
1228066  1968322
1228067  1968411
1228068  1968314
1228069  1968481
1228073  1968484
1228074  1968317
1229329  1968406
1233517  1968407
1233791  1968318
1234992  1968321
1235252  1968368
1235288  1968320
1235989  1968336
1236163  1968435
1239618  1968434
1239619  1968324
1241852  1968350
1243174  1968325
1246906  1968331
1254646  1968326
1254647  1968327
1254648  1968476
1256509  1968477
1256577  1968328
1257129  1968329
1257130  1968330
1257131  1968340
1257133  1968342
1257145  1968403
1257159  1968405
1257163  1968333
1257165  1968334
1257168  1968353
1257196  1968354
1257197  1968356
1257198  1968444
1257199  1968349
1257200  1968351
1257250  1968337
1257256  1968338
1257268  1968339
1257284  1968461
1257317  1968471
1257370  1968443
1257394  1968469
1257395  1968344
1257410  1968341
1258707  1968347
1260828  1968343
1263382  1970378
1263383  1968465
1264298  1968464
1265291  1968463
1274182  1968345
1275039  1968346
1279474  1968363
1279501  1968348
1281522  1970267
1282361  1968453
1282613  1968452
1282879  1968410
1283569  1968451
1284320  1968352
1291072  1968358
1293863  1968415
1299622  1968355
1300550  1968359
1300738  1968362
1301403  1968414
1301414  1968357
1301458  1968360
1301471  1969309
1301570  1968423
1301572  1968361
1301607  1968422
1301610  1968376
1301612  1968420
1301613  1968366
1302359  1968372
1302431  1968364
1302436  1968365
1302441  1968381
1302442  1968412
1303834  1968385
1303835  1968367
1303836  1968369
1303837  1968370
1303838  1968449
1304551  1968433
1305784  1968371
1305785  1968383
1305786  1968450
1306652  1968373
1306949  1968374
1307495  1968384
1307496  1970068
1307497  1968375
1309882  1968379
1310139  1970036
1310285  1968421
1310291  1968377
1310292  1968378
1310631  1968418
1310663  1970042
1310664  1968380
1311129  1970079
1311796  1968382
1311797  1968387
1313455  1968390
1314445  1968396
1314596  1968388
1317594  1968389
1317595  1968391
1319294  1968395
1319296  1968392
1323685  1968393
1323686  1968398
1323687  1968397
1323688  1968401
1323689  1970887
1323690  1968408
1323691  1968399
1323692  1968440
1323693  1968446
1323694  1970843
1324596  1968413
1325021  1968417
1325121  1968419
1325838  1969462
1326491  1969463
1326987  1968416
1327484  1968424
1328435  1968425
1328914  1970035
1328990  1970043
1329102  1968431
1331798  1970089
1331903  1968426
1334242  1968427
1335805  1968428
1336895  1968429
1337118  1970050
1337119  1968454
1337120  1968430
1337121  1970091
1337131  1968462
1337490  1970279
1338038  1968436
1338044  1968437
1338071  1968458
1340296  1970846
1341580  1968441
1343358  1968472
1343421  1968445
1344437  1970033
1351174  1970045
1355798  1970077
1355998  1970850
1355999  1969032
1356000  1968470
1356001  1968478
1356002  1968479
1356003  1968480
1356004  1968482
1356005  1968485
1356006  1969255
1356008  1968491
1356013  1968493
1356906  1968497
1357118  1968511
1357970  1968519
1357971  1968499
1358024  1968507
1358471  1968508
1360894  1968500
1361426  1968509
1361647  1968502
1361799  1968523
1364505  1968506
1364506  1968526
1365194  1969592
1365195  1968504
1365242  1969598
1366732  1968518
1367257  1968520
1370029  1968510
1371587  1968530
1372682  1968529
1373339  1968614
1374016  1968516
1376195  1968726
1376196  1968567
1376672  1968938
1376750  1968522
1377436  1968521
1378049  1968552
1378217  1968525
1380379  1968536
1380983  1969595
1384973  1969597
1385014  1968531
1385842  1968534
1386417  1968539
1386740  1968549
1386745  1968537
1386840  1968540
1390596  1968538
1393512  1968543
1394346  1969593
1399863  1968541
1399884  1968542
1400576  1968560
1405227  1968554
1405411  1968556
1408116  1968563
1410736  1968548
1411422  1969594
1412998  1968546
1413019  1968547
1413622  1968564
1413638  1968566
1413647  1969396
1413648  1968648
1413649  1968557
1413650  1968569
1413651  1968570
1413652  1968565
1413656  1968576
1413661  1968574
1413662  1968575
1413663  1968616
1413683  1968584
1413693  1968568
1413696  1968571
1413697  1968577
1413698  1968583
1413699  1968592
1413702  1968593
1413703  1968595
1413704  1968598
1413710  1968578
1413711  1968579
1413716  1968580
1413717  1968596
1413720  1968582
1413724  1968886
1413738  1970271
1413739  1968585
1413745  1968587
1413746  1968586
1413750  1968594
1413751  1968597
1413950  1968588
1414289  1968589
1414336  1968599
1414432  1968591
1414532  1968604
1414578  1968590
1415229  1968639
1415382  1968674
1415633  1968613
1417972  1968615
1419800  1968608
1419854  1968617
1420785  1968622
1421519  1968605
1422791  1968600
1423013  1968601
1423576  1968602
1423590  1968625
1423889  1968735
1424319  1968621
1424320  1968626
1426518  1968610
1426601  1968627
1426604  1968606
1426616  1968607
1426698  1968623
1427780  1968609
1428530  1968611
1428531  1968612
1428899  1968628
1429201  1968742
1429327  1968629
1429563  1968619
1429642  1968631
1429877  1968620
1430075  1968633
1430291  1968630
1430477  1968637
1430478  1969661
1430870  1968624
1433183  1968647
1433238  1968649
1433632  1968642
1435550  1968651
1438287  1968641
1438745  1968644
1438807  1968643
1438822  1968636
1438828  1968662
1438876  1968670
1439593  1968632
1439785  1968667
1441038  1968638
1441071  1968635
1441364  1968634
1441365  1968664
1441366  1969548
1441367  1968666
1444590  1968645
1444700  1969550
1444809  1968653
1445085  1968640
1446227  1968650
1446518  1968655
1446842  1968672
1447216  1968671
1448204  1968646
1448576  1968658
1448845  1968660
1449623  1969397
1450571  1968661
1450722  1968659
1450802  1968652
1452576  1968654
1453253  1968675
1454849  1968676
1455855  1968657
1456069  1968677
1456734  1968669
1459230  1968681
1459808  1968696
1459838  1968683
1460731  1968665
1461538  1968673
1461544  1968663
1464281  1968668
1464282  1968692
1464991  1968693
1465037  1968694
1465071  1968691
1465107  1969551
1465110  1968684
1465240  1968682
1465248  1968679
1465283  1968680
1465292  1968688
1465293  1968705
1465294  1968686
1465297  1968685
1465300  1968678
1465301  1968703
1465303  1968704
1465313  1968695
1465325  1968687
1465339  1968699
1465340  1968690
1465356  1968697
1465363  1968710
1465466  1968707
1465477  1968701
1465479  1968689
1465488  1968713
1465558  1969555
1465620  1968698
1465622  1968722
1465637  1968716
1465641  1968717
1465673  1968718
1465719  1968720
1465735  1968719
1466158  1969552
1466161  1968747
1466172  1968732
1466252  1968700
1466304  1968702
1466360  1968706
1466585  1968724
1466591  1968725
1466593  1968708
1466594  1968734
1466598  1968743
1466599  1968711
1466603  1968709
1466608  1968727
1466616  1968728
1466628  1968712
1467560  1968745
1467561  1969545
1467562  1968714
1467563  1968715
1467574  1968721
1467575  1969553
1467576  1968723
1467577  1969549
1467578  1969554
1467579  1968749
1467587  1968729
1467787  1968730
1467793  1968737
1467942  1968738
1467968  1968740
1468386  1968744
1468387  1968731
1468609  1968733
1469312  1968766
1469453  1968755
1471791  1968752
1471835  1968736
1474432  1969398
1476441  1969400
1476458  1969415
1477502  1968739
1477503  1968804
1477773  1968741
1477774  1968767
1477779  1968785
1478538  1969408
1478569  1968769
1478571  1968768
1478572  1968750
1478578  1968746
1478579  1968748
1478599  1968753
1478607  1969412
1478674  1968794
1478678  1969544
1478955  1968751
1478959  1968808
1479027  1969632
1479028  1968754
1479051  1968774
1479052  1968757
1479059  1968781
1479171  1968761
1479172  1968792
1479173  1969405
1479174  1968762
1479175  1968764
1479644  1969402
1479659  1968775
1480135  1968801
1480195  1968770
1480327  1968772
1481470  1968797
1487386  1968771
1488241  1968779
1489216  1968782
1489660  1968773
1490297  1968778
1492717  1968803
1492736  1968776
1494197  1968780
1494390  1968799
1494391  1968809
1494394  1968821
1494396  1968786
1494406  1968798
1494424  1968789
1494432  1968784
1494438  1968791
1494444  1969407
1494445  1968787
1494480  1968788
1494484  1968795
1494492  1968796
1494506  1968790
1494507  1968820
1494509  1968815
1494511  1968793
1494512  1968800
1494523  1969404
1494536  1968824
1494543  1968822
1494546  1969600
1494550  1968818
1494551  1968812
1494850  1969589
1495703  1968802
1495704  1968807
1495750  1968823
1495797  1968828
1495837  1968805
1496461  1969413
1497321  1968806
1497331  1968843
1499736  1969411
1499737  1969634
1499738  1968810
1499739  1968814
1499740  1969432
1499796  1969585
1499871  1969586
1500512  1968813
1501587  1968850
1501884  1969587
1501936  1968816
1502154  1968831
1502155  1969605
1503429  1968817
1504309  1969424
1504973  1968819
1505065  1968830
1507272  1969590
1507921  1969403
1507960  1969418
1507978  1968865
1508051  1968825
1509091  1968829
1509223  1969421
1509231  1968826
1509316  1968827
1510179  1968836
1510599  1968848
1513323  1969568
1513324  1969591
1513325  1968835
1513381  1968847
1513773  1968845
1514173  1969423
1515846  1968832
1518004  1968833
1518005  1968834
1518582  1968838
1519227  1968844
1520311  1968839
1520312  1968837
1520429  1969384
1520506  1969567
1520633  1969431
1520653  1968840
1520781  1968841
1520826  1968842
1521246  1968859
1523599  1968846
1523994  1968872
1525046  1968870
1525246  1969422
1525247  1968854
1525248  1968849
1525249  1968862
1525250  1968856
1525251  1968851
1525252  1968852
1525253  1968855
1525361  1968857
1525444  1969566
1525566  1968853
1525568  1968934
1525582  1968858
1526320  1968866
1527049  1968868
1527050  1968893
1527899  1969504
1527904  1968860
1527928  1968863
1528334  1968861
1528689  1968889
1528895  1968888
1528896  1968867
1528897  1968864
1528899  1968884
1528900  1968919
1528901  1969425
1528902  1968898
1528903  1968869
1528904  1968907
1528905  1968874
1528906  1969427
1528907  1968871
1528908  1968918
1528909  1968873
1528910  1969426
1528911  1969546
1529740  1968882
1530384  1969543
1530385  1968875
1530703  1968876
1530704  1968877
1530705  1968905
1530706  1969416
1530972  1969420
1533180  1969635
1533321  1969601
1533374  1968880
1533532  1968878
1533729  1968879
1533781  1968881
1533782  1969604
1533845  1968883
1533884  1969547
1534012  1969603
1534129  1969602
1534169  1968892
1534325  1968896
1534345  1969685
1534596  1969686
1534631  1968887
1534634  1968890
1535083  1968894
1535385  1968891
1535638  1969505
1535640  1968900
1535643  1968895
1535644  1968897
1535645  1968909
1535646  1968899
1535647  1968921
1535650  1968904
1535651  1968908
1536012  1969506
1536013  1968911
1536014  1968945
1536015  1968903
1536342  1968910
1536422  1968926
1536431  1968906
1536794  1969835
1536847  1968916
1539392  1968922
1539757  1968923
1543231  1968929
1545440  1968931
1548921  1969439
1550592  1969541
1553929  1968912
1553976  1968913
1554033  1969524
1554909  1969388
1556191  1970380
1556401  1969050
1556690  1969481
1556708  1968914
1557175  1968915
1558499  1968917
1558775  1968974
1558793  1968975
1558837  1969542
1558844  1968920
1558846  1968939
1558853  1968924
1558878  1968925
1559713  1968949
1559734  1968928
1559735  1968927
1559736  1968941
1559861  1968954
1559870  1968930
1559871  1968932
1559872  1968935
1560629  1968940
1561396  1968933
1564255  1968942
1564266  1968943
1564268  1968937
1565971  1968944
1566478  1968948
1566632  1968953
1566633  1968950
1566634  1968955
1566635  1968959
1566636  1969389
1566637  1968960
1566638  1969434
1566639  1968976
1566640  1968952
1566641  1968951
1566643  1968957
1566646  1968966
1566647  1968963
1566719  1968961
1566723  1968964
1566834  1968958
1566835  1968965
1566836  1968968
1566903  1968969
1566957  1968962
1567032  1968967
1567520  1968980
1567521  1968978
1567616  1968981
1567617  1968987
1567618  1968982
1567619  1968988
1567620  1968970
1567710  1969436
1567711  1969839
1567712  1969841
1568087  1968971
1568194  1968972
1568887  1968973
1569033  1969440
1569648  1969441
1571191  1969882
1571687  1969011
1571960  1968993
1572881  1969012
1573652  1968979
1575752  1968977
1575817  1969014
1575818  1969573
1576820  1969447
1583312  1968983
1584093  1969446
1584287  1968984
1585588  1969445
1587155  1969003
1588964  1968986
1589842  1968985
1590051  1970160
1590122  1968989
1590573  1969006
1590999  1969513
1591952  1969511
1591963  1969018
1592812  1968997
1593105  1968998
1593231  1968992
1593232  1969000
1593240  1968995
1593828  1968996
1598582  1968994
1598797  1969025
1599099  1969444
1599350  1969005
1599547  1969007
1599572  1969008
1599580  1969001
1599609  1969002
1599614  1969004
1599629  1969059
1599675  1969453
1599676  1969066
1599677  1969033
1599678  1970171
1600038  1969009
1600189  1969020
1600190  1969026
1600750  1969024
1601000  1969540
1601375  1969019
1601540  1969023
1601889  1969565
1601939  1969021
1602192  1969038
1602195  1969027
1602196  1969049
1603076  1969533
1603247  1969028
1604203  1969035
1604481  1969076
1604519  1969030
1604534  1970173
1604591  1969051
1604850  1969572
1606488  1969043
1607738  1969048
1607840  1969031
1609979  1969034
1615961  1969046
1623597  1969564
1624348  1969056
1624352  1969037
1624427  1969085
1625538  1969036
1625550  1969079
1626233  1969040
1631197  1969060
1635856  1969039
1638394  1969073
1638712  1969080
1639807  1969044
1641527  1969045
1644569  1969450
1647543  1969068
1649764  1969074
1649780  1969047
1649781  1969064
1649782  1969514
1651006  1969061
1651010  1969052
1651013  1969078
1651226  1969478
1652214  1969538
1652883  1969062
1653026  1969053
1654005  1969055
1654153  1970002
1655580  1969865
1658395  1969863
1658560  1969071
1659847  1969069
1660011  1969065
1660034  1969057
1660321  1969058
1660821  1969067
1662311  1969072
1666897  1969454
1666899  1969438
1667288  1969091
1667344  1969088
1667365  1969063
1667366  1969459
1667372  1969460
1667412  1969077
1667414  1969452
1667458  1969101
1667459  1969096
1667461  1969070
1667462  1969104
1667463  1969094
1667468  1970681
1667469  1969075
1667470  1969086
1667478  1969890
1667479  1969108
1667484  1969084
1667487  1969092
1668564  1969465
1668591  1969081
1668741  1969082
1668742  1969083
1668830  1969102
1669094  1969461
1669521  1969570
1669522  1969133
1669683  1969097
1670134  1969090
1670411  1969087
1670412  1969109
1670678  1969103
1670766  1969123
1670767  1969089
1670768  1969105
1670777  1969464
1670847  1969093
1671003  1969099
1671004  1969107
1671579  1969118
1671580  1969879
1671581  1969095
1671586  1969160
1671587  1969458
1671588  1969571
1671721  1969100
1671766  1969489
1671767  1969877
1671818  1969110
1672833  1969125
1672834  1969519
1672835  1969111
1672836  1969115
1672837  1969106
1672838  1969457
1672839  1969113
1672840  1969122
1673447  1969112
1674462  1969455
1674635  1969119
1674641  1969137
1674648  1969127
1674650  1969116
1674654  1969121
1674655  1969117
1674660  1969120
1675001  1969148
1675092  1969130
1675442  1969456
1676426  1969518
1676496  1969124
1676609  1969138
1676917  1969134
1676922  1969126
1677315  1969472
1677842  1969473
1679329  1970159
1680373  1969128
1680374  1969129
1683521  1969132
1683868  1969574
1683878  1969146
1684567  1969583
1685193  1969147
1687882  1969159
1687897  1969507
1687917  1969578
1687927  1969135
1687932  1969136
1688333  1969162
1688336  1969179
1688337  1969157
1688339  1969141
1688340  1969153
1688341  1969139
1688530  1969509
1688545  1969520
1688548  1969140
1689262  1969156
1689263  1969164
1689264  1969142
1689265  1969143
1689266  1969144
1689470  1969155
1689754  1969161
1689848  1969166
1690415  1969510
1691539  1969521
1691540  1969145
1691541  1969170
1691548  1969257
1691614  1969470
1693163  1969468
1693256  1969189
1693447  1969149
1696920  1969151
1696925  1969154
1696952  1969490
1697237  1969168
1697251  1969169
1697252  1969613
1697253  1969171
1697254  1969158
1697438  1969181
1697557  1969577
1697560  1969165
1697563  1969186
1697648  1969182
1697649  1969202
1697650  1969180
1697651  1969474
1698251  1969191
1699400  1969173
1699447  1969256
1699747  1969193
1699753  1969172
1699884  1969174
1700042  1969187
1700043  1969623
1700044  1969175
1700048  1969176
1700122  1969177
1700378  1969621
1700779  1969485
1702339  1969178
1702346  1969212
1702348  1969184
1702813  1969563
1703046  1969216
1703645  1969183
1703853  1969194
1703854  1969228
1703855  1969185
1703856  1969208
1703857  1969477
1703858  1969614
1703859  1969488
1703862  1969190
1703871  1969192
1704101  1969199
1704970  1969480
1705086  1969198
1705219  1969237
1705824  1969243
1705825  1969195
1706096  1969211
1706107  1969205
1706154  1969197
1706529  1969200
1706530  1969625
1706541  1969201
1706542  1969203
1706543  1969215
1706550  1970726
1706551  1969287
1706552  1969204
1706553  1969617
1706554  1969221
1706555  1969620
1706569  1969206
1706578  1969207
1706580  1969226
1706623  1969235
1706624  1969248
1706760  1969209
1706799  1969210
1706816  1969229
1706896  1969234
1706897  1969230
1706898  1969385
1706899  1969220
1706900  1969227
1706901  1969213
1706902  1969214
1706903  1969217
1706904  1969222
1706905  1969575
1706906  1969265
1706907  1969218
1706908  1969219
1706909  1969239
1706910  1969245
1706911  1971267
1706912  1969223
1706935  1969224
1706936  1969225
1706937  1969233
1706938  1969241
1706943  1969269
1706992  1969279
1706995  1969244
1707014  1969240
1707021  1970384
1707028  1969387
1707031  1969231
1707032  1969232
1707059  1969258
1707211  1969576
1707212  1969242
1707213  1969284
1707214  1969236
1707215  1969238
1707217  1969624
1707218  1969560
1707219  1969558
1707221  1969559
1707408  1969252
1707773  1969315
1707945  1969246
1707946  1969250
1707948  1969247
1707949  1969267
1707950  1969253
1707956  1969261
1708116  1969278
1708121  1969259
1708128  1969263
1708269  1969260
1708272  1969249
1708290  1969264
1708710  1970272
1709318  1969251
1709775  1969262
1710679  1970379
1711837  1969296
1711856  1969266
1712534  1969254
1713186  1969271
1713188  1969272
1713193  1969291
1713220  1969297
1713221  1969275
1713286  1969312
1713475  1969526
1713546  1969268
1717260  1969303
1717261  1969527
1717262  1969280
1717263  1969283
1717644  1969273
1718735  1969270
1719910  1969282
1719911  1969530
1719914  1969631
1719942  1969274
1719993  1969288
1720011  1969276
1721908  1969528
1722107  1969340
1722665  1969498
1722930  1969277
1723040  1969285
1723254  1969627
1723255  1969508
1723256  1969281
1723318  1969318
1723320  1969529
1723431  1969326
1724024  1969295
1724025  1969286
1724655  1969289
1724656  1969300
1724898  1969525
1725722  1969290
1725994  1969294
1725995  1969298
1726006  1969306
1726007  1969299
1726008  1969292
1726012  1969293
1726013  1969305
1726175  1969619
1726178  1969556
1726179  1969304
1727579  1969301
1727826  1969310
1727833  1969302
1727848  1969348
1727869  1969503
1727876  1969320
1727904  1970317
1727915  1969311
1728170  1969618
1728861  1969319
1729062  1969307
1729943  1969308
1730335  1969358
1730434  1969344
1730999  1969495
1731004  1969475
1731007  1969562
1731012  1969362
1731014  1969316
1731134  1969339
1731135  1969322
1731136  1969356
1731835  1969313
1732353  1969314
1732478  1969327
1732479  1970273
1733255  1970679
1733399  1969582
1733400  1970416
1733499  1969341
1733899  1970731
1734976  1969331
1735013  1969321
1735016  1969333
1735020  1969361
1735022  1969323
1735023  1969324
1735117  1969325
1736117  1969557
1736336  1969328
1736340  1969336
1736357  1969332
1736600  1970417
1736919  1970419
1737911  1969334
1737913  1969374
1737916  1969335
1737917  1969342
1737921  1970195
1737931  1969491
1737933  1969367
1737938  1969350
1737939  1969347
1737941  1970196
1737953  1969343
1737958  1969353
1737959  1969365
1737974  1969357
1739367  1969349
1739604  1969359
1739619  1969370
1739621  1969355
1739626  1969368
1739636  1970896
1739640  1969377
1739644  1969497
1739645  1969360
1739653  1969371
1739654  1969373
1739656  1969492
1739658  1970073
1739660  1969363
1739661  1969364
1739662  1969380
1739665  1969494
1739666  1969493
1739667  1969496
1739668  1969369
1739673  1970732
1739674  1969376
1739679  1969372
1739682  1969611
1739816  1969612
1739858  1969375
1739867  1970116
1739988  1969379
1740117  1969378
1740209  1970119
1740441  1971268
1740454  1970123
1740481  1969382
1740482  1969386
1740487  1969622
1740489  1969433
1740669  1969392
1741023  1969399
1741306  1969401
1741433  1969829
1741448  1969741
1741515  1969897
1741572  1969414
1741574  1969409
1741577  1969410
1741578  1969419
1741607  1969633
1741609  1969417
1741620  1969428
1741676  1969429
1741713  1969442
1741714  1969983
1741731  1969437
1741733  1969962
1741742  1969443
1741761  1969449
1742151  1969517
1742226  1969466
1742290  1969482
1742292  1969479
1742340  1969476
1742347  1969522
1742348  1969523
1742355  1969889
1742365  1969970
1742371  1970121
1742382  1970125
1742404  1969569
1742405  1969502
1742406  1970135
1742407  1969515
1742412  1969516
1742423  1969539
1742426  1970194
1742458  1970193
1744371  1969615
1744380  1969532
1744415  1969536
1744416  1969534
1744417  1969537
1744886  1970192
1745785  1969626
1745839  1969579
1745856  1969580
1746073  1969581
1746075  1971275
1746076  1971276
1746082  1971279
1746802  1969584
1746869  1970310
1746949  1969588
1747688  1969596
1747692  1969607
1747778  1969608
1747779  1969628
1747782  1970888
1747804  1969629
1747805  1969630
1747806  1970890
1747816  1970889
1747822  1969836
1747829  1970032
1747830  1969636
1747831  1969909
1747832  1969646
1747833  1969639
1747855  1969641
1750376  1969655
1751278  1969903
1751382  1969642
1751387  1969643
1751990  1969644
1751992  1969657
1751993  1969659
1752004  1969894
1752008  1969647
1752010  1969650
1752011  1969649
1752012  1969660
1752013  1969654
1752014  1969906
1752019  1969651
1752384  1969673
1752403  1969652
1752426  1969653
1752440  1969658
1752444  1969905
1753297  1969662
1753319  1969902
1753324  1969911
1753325  1969912
1753326  1969896
1753327  1969668
1753328  1970026
1753364  1969663
1755414  1969669
1755476  1969664
1756293  1969675
1756567  1969665
1756662  1969666
1756760  1969667
1758455  1969672
1758759  1969674
1759047  1969904
1760274  1969670
1760725  1969677
1761276  1969921
1761964  1969676
1762522  1969919
1762709  1969936
1763075  1969678
1763104  1969679
1763113  1969680
1763392  1969694
1763393  1969908
1763446  1969696
1763488  1969681
1764165  1969690
1764356  1969691
1764391  1969702
1764781  1969682
1765421  1969683
1765442  1969695
1765443  1969698
1765444  1969684
1765445  1969703
1765448  1969689
1765449  1969709
1765450  1969688
1766046  1969712
1766051  1969734
1766052  1969697
1766053  1969700
1766055  1969692
1766056  1969693
1766057  1969706
1766058  1969717
1766392  1969711
1766950  1969724
1766951  1969699
1766952  1969705
1767125  1969701
1767737  1969704
1767740  1969987
1767741  1969710
1767742  1969713
1767743  1969714
1767744  1969707
1767745  1969708
1767746  1969759
1767748  1969915
1767752  1969907
1767753  1969917
1768026  1969715
1768263  1969721
1772930  1969716
1777049  1969720
1778729  1969719
1778784  1969725
1778821  1969731
1779102  1969718
1779265  1969723
1779283  1969722
1779345  1969728
1780222  1969729
1780238  1969730
1780246  1969733
1780261  1969732
1780274  1969736
1780275  1969727
1780278  1969985
1780289  1969726
1780618  1969737
1781787  1969738
1781891  1969744
1782540  1969749
1784005  1969735
1784515  1969766
1784588  1969739
1784895  1969748
1787503  1969740
1789754  1969813
1790575  1969743
1790744  1969914
1790885  1969913
1790917  1969742
1792191  1969750
1792870  1969823
1792883  1969831
1793364  1969760
1794150  1969746
1798771  1969747
1800314  1969751
1800769  1969753
1800773  1969752
1800774  1969763
1800775  1969754
1800776  1969761
1801681  1969768
1801983  1969756
1803773  1969764
1812964  1969758
1814148  1969812
1814198  1970009
1814230  1969933
1814830  1969773
1814845  1969762
1814882  1969774
1815468  1969775
1815832  1969932
1816995  1969765
1818038  1969767
1818039  1969778
1818040  1969787
1818045  1969929
1818095  1969769
1818126  1969779
1818655  1969776
1818665  1969785
1818676  1969770
1818683  1969772
1819039  1969781
1819043  1969790
1819050  1969777
1819292  1969780
1819293  1969786
1819298  1969783
1819732  1969784
1820306  1969782
1821125  1969788
1821287  1969794
1821353  1969809
1821390  1969801
1823262  1969802
1823263  1969791
1824895  1969793
1825315  1969789
1825889  1969792
1825948  1969798
1826004  1969807
1826165  1969800
1826211  1969799
1826524  1969811
1826577  1969797
1826595  1969808
1826693  1969796
1826751  1969804
1826769  1969805
1827096  1969986
1827097  1969803
1827831  1969814
1827928  1969818
1827933  1969806
1828616  1969810
1828822  1969815
1828863  1969922
1829444  1969819
1829455  1969840
1829461  1969816
1829482  1969817
1829483  1970029
1829492  1969925
1829496  1969927
1829503  1969926
1830368  1969928
1830600  1969930
1830697  1969821
1830761  1970000
1830909  1969920
1831433  1969825
1831630  1969824
1831631  1969826
1831647  1969943
1831939  1969937
1831941  1969938
1832117  1969931
1832118  1969834
1832361  1969830
1832362  1969947
1832372  1969833
1832373  1969944
1832374  1969945
1832990  1969960
1832991  1969948
1832992  1969958
1832993  1969842
1833157  1969844
1833220  1969998
1833221  1969853
1833222  1969959
1833305  1969851
1833327  1969967
1833371  1969855
1833415  1969997
1833418  1969856
1833422  1969857
1833424  1969975
1833425  1969995
1833426  1969859
1833430  1969866
1833471  1970001
1833572  1969867
1833626  1969874
1833726  1969989
1833727  1971266
1833774  1969873
1833775  1969871
1833808  1969872
1833809  1969992
1833810  1969878
1833811  1969883
1833825  1969884
1833859  1969895
1833860  1969900
1833931  1969901
1833936  1969918
1834004  1969916
1834032  1969923
1834034  1969924
1834038  1970018
1834039  1970028
1834040  1970014
1834041  1969988
1834044  1969946
1834045  1969950
1834054  1970013
1834063  1969957
1834067  1969993
1834323  1970008
1834360  1970004
1834499  1969996
1834508  1969977
1834612  1970027
1834961  1969994
1835394  1971280
1835720  1969999
1835725  1971263
1835726  1971265
1835918  1970725
1835929  1970179
1835930  1970180
1835931  1970022
1835950  1970023
1835951  1970034
1836046  1970037
1836138  1970047
1836182  1970040
1836276  1970038
1836384  1970039
1836385  1970046
1836391  1970082
1836396  1970083
1836832  1970080
1836957  1970044
1836983  1970049
1836984  1970078
1836985  1970054
1837001  1970048
1837006  1970057
1837043  1970058
1837210  1970051
1837211  1970059
1837214  1970052
1837215  1970053
1837217  1970096
1837220  1970062
1837221  1970061
1837222  1970064
1837225  1970060
1837226  1970063
1837402  1970095
1837451  1970103
1837461  1970069
1837465  1970066
1837466  1970100
1837472  1970102
1837922  1970071
1843311  1970072
1844121  1970074
1844194  1970075
1844537  1970076
1844539  1970081
1844594  1970084
1844795  1970085
1845324  1970130
1845325  1970132
1845326  1970086
1845329  1970093
1845340  1970126
1845818  1970140
1846320  1970120
1847890  1970124
1848773  1970127
1849703  1970133
1849706  1970128
1849726  1970137
1849784  1970129
1849798  1970281
1849955  1970323
1850236  1970161
1850238  1970163
1850568  1970164
1850634  1970165
1851059  1970980
1851071  1970981
1851107  1970167
1851322  1970897
1851617  1970174
1851622  1970181
1851625  1970187
1852273  1970197
1852274  1970895
1852275  1970555
1852277  1970205
1853015  1970209
1853911  1970992
1853912  1970295
1854121  1970842
1855013  1970239
1855328  1970246
1856780  1970858
1857504  1970248
1858501  1970423
1858509  1970252
1858510  1971251
1858526  1970723
1858528  1970274
1858543  1970275
1858587  1970276
1859629  1970269
1859656  1970859
1859907  1970481
1860043  1970482
1860047  1970684
1860048  1970291
1860057  1970721
1860061  1970297
1860068  1970556
1860069  1970557
1860070  1970301
1860072  1970313
1860077  1970341
1860080  1971274
1860081  1970347
1860083  1970349
1860084  1970339
1860085  1970319
1860229  1970875
1860234  1970327
1860270  1970325
1860629  1970326
1860630  1970329
1860631  1970330
1860661  1970331
1860662  1970328
1861214  1970338
1861564  1970335
1861565  1970336
1861568  1970333
1861750  1970334
1862681  1970337
1862684  1971247
1862685  1971248
1862686  1970344
1862687  1970346
1862688  1970810
1862710  1970811
1862724  1971074
1862736  1970354
1864664  1970355
1865679  1970356
1865690  1970357
1867206  1970358
1867449  1970364
1867854  1970365
1868025  1970369
1869554  1970367
1869738  1970371
1870656  1970376
1871143  1970377
1872069  1970544
1872107  1970387
1872219  1970388
1873170  1970392
1873177  1970393
1874069  1970394
1875906  1970395
1875977  1970402
1876035  1970471
1876063  1970418
1876074  1970849
1876144  1970856
1876152  1970428
1876247  1970427
1876256  1970433
1876257  1970431
1876282  1970435
1876283  1970439
1876297  1970444
1876308  1970447
1876399  1970448
1876473  1970449
1876658  1970450
1876739  1970451
1876783  1970453
1876821  1970857
1876825  1970456
1876830  1970460
1876831  1970458
1876833  1970459
1876919  1970461
1876923  1970462
1876928  1970470
1876932  1970472
1876933  1970515
1877075  1970503
1877080  1970504
1877092  1970511
1877107  1970476
1877108  1970478
1877290  1970477
1878913  1970479
1880133  1970480
1882486  1970548
1882534  1970483
1883433  1970484
1883765  1970485
1883792  1970486
1884559  1970487
1885871  1970490
1885954  1970496
1886027  1970495
1886414  1970497
1886735  1970499
1886899  1970551
1887388  1970498
1888682  1970500
1889015  1970552
1889437  1970505
1889664  1970506
1889911  1970507
1890396  1970508
1890398  1970510
1890410  1970512
1890426  1970583
1890427  1971020
1890481  1970523
1891590  1970525
1891592  1970526
1891991  1970527
1892052  1970529
1892129  1970528
1892130  1970531
1892131  1970532
1892132  1970865
1892133  1970866
1892134  1970535
1892135  1970536
1892136  1970867
1892138  1970868
1892139  1970540
1892140  1970546
1892141  1970545
1892142  1970553
1892143  1970554
1892145  1970558
1892146  1970559
1892147  1970970
1892148  1970975
1892244  1970560
1892245  1970561
1892246  1970562
1892248  1970563
1892249  1970972
1892250  1970565
1892251  1970567
1892252  1970570
1892253  1970571
1892254  1970572
1892255  1970575
1892256  1970576
1892257  1970581
1892258  1970577
1892259  1970578
1892261  1970586
1892262  1970587
1892263  1970590
1892264  1970591
1892265  1970592
1892664  1970593
1892665  1970594
1892666  1970595
1892667  1970596
1892668  1970597
1892669  1970609
1892670  1970602
1892671  1970603
1892672  1970604
1892673  1970605
1892674  1970607
1892675  1970630
1892676  1970631
1892678  1970615
1892775  1970624
1892776  1970626
1892777  1970663
1892778  1970662
1892779  1970644
1892780  1970651
1892781  1970657
1892783  1970661
1892784  1970876
1892785  1970668
1892787  1970671
1892788  1970672
1892789  1970674
1892790  1970683
1892791  1970686
1892792  1970691
1892863  1970692
1892864  1970701
1892925  1970705
1893262  1970715
1893338  1970719
1893341  1971033
1893419  1971034
1893420  1970727
1893506  1971091
1893507  1971092
1893508  1970752
1893581  1970760
1893582  1970740
1893792  1970748
1893793  1970772
1894032  1970747
1894033  1970754
1894034  1970755
1894063  1970756
1894064  1971090
1894069  1971103
1894222  1970762
1894227  1970765
1895579  1970777
1895953  1970779
1896301  1970784
1898251  1970785
1898254  1970787
1898562  1970789
1898563  1970793
1898568  1970794
1898667  1970795
1898744  1970796
1899102  1970797
1899109  1970805
1899210  1970799
1899915  1970806
1900482  1970818
1900521  1970873
1901337  1970870
1902930  1970819
1902961  1970820
1902982  1970821
1903150  1970822
1905245  1970871
1906920  1970824
1907053  1970826
1907150  1970827
1907240  1970838
1907241  1970872
1907242  1971157
1907250  1971171
1907292  1971146
1907351  1970863
1907352  1970854
1907355  1970855
1907386  1971243
1907540  1971229
1907588  1970891
1909377  1970892
1909379  1971162
1909380  1971244
1909382  1970903
1910634  1970904
1911075  1970905
1911080  1970907
1912853  1970908
1912856  1970915
1912857  1970916
1913163  1971107
1914484  1970932
1917123  1970933
1920801  1970939
1922283  1970944
1923070  1970947
1923077  1970956
1924223  1970962
1924351  1970963
1925097  1970971
1925115  1970979
1925531  1970983
1925597  1970984
1926490  1970986
1926853  1970989
1928310  1970987
1928959  1970988
1933190  1970997
1933191  1971007
1936254  1971009
1937801  1971010
1937817  1971016
1937987  1971017
1937988  1971037
1938220  1971038
1938446  1971040
1939242  1971043
1939243  1971041
1939244  1971042
1939561  1971044
1940336  1971045
1941826  1971049
1942236  1971052
1942237  1971053
1943949  1971056
1945415  1971065
1945580  1971066
1946421  1971071
1946442  1971072
1946449  1971078
1946494  1971079
1946546  1971082
1946561  1971089
1946574  1971083
1946735  1971087
1946781  1971095
1946791  1971100
1946891  1971105
1946962  1971108
1947387  1971109
1947400  1971112
1947417  1971113
1947455  1971114
1947585  1971115
1947658  1971131
1947972  1971132
1948030  1971135
1948239  1971138
1948431  1971139
1948460  1971145
1948540  1971156
1948542  1971164
1949621  1971165
1949771  1971166
1949895  1971167
1950485  1971178
1950958  1971181
1950959  1971177
1951102  1971225
1951205  1971180
1951206  1971227
1951219  1971185
1951232  1971188
1951279  1971190
1951280  1971191
1951313  1971192
1951358  1971197
1952497  1971198
1952938  1971199
1952991  1971200
1953006  1971201
1953036  1971202
1953041  1971206
1955410  1971209
1956253  1971210
1956526  1971213
1956534  1971220
1956535  1971222
1956536  1971234
1956537  1971238
1958256  1971239
1961556  1971240
1964086  1971250
1964290  1971269
1964330  1971277
1964554  1971278
